fight	teams	N	N_order	N_winner	frac_order	frac_winner	W	rho
2013-1-A	3	7	5	7	0.7142857	1.0	0.7959184	0.9139269
2013-1-B	3	6	6	6	1.0	1.0	1.0	1.7358955
2013-1-C	3	5	2	5	0.4	1.0	0.7894737	0.8354141
2013-1-D	3	6	3	3	0.5	0.5	0.8484848	0.7536577
2013-1-E	2	5	3	3	0.6	0.6	0.04	1.5213327
2013-1-F	2	6	5	5	0.8333333	0.8333333	0.4444444	0.8532292
2013-2-A	2	6	1	1	0.1666667	0.1666667	0.4444444	0.7924645
2013-2-B	2	6	3	3	0.5	0.5	0.0	0.929516
2013-2-C	3	6	5	5	0.8333333	0.8333333	0.8611111	1.2328828
2013-2-D	3	5	5	5	1.0	1.0	1.0	0.855436
2013-2-E	3	6	4	4	0.6666667	0.6666667	0.7777778	0.8358628
2013-2-F	3	7	6	7	0.8571429	1.0	0.877551	0.8384105
2013-3-A	3	5	1	4	0.2	0.8	0.6	0.6692658
2013-3-B	3	5	3	4	0.6	0.8	0.64	0.6663411
2013-3-C	2	5	5	5	1.0	1.0	1.0	1.1473475
2013-3-D	2	5	5	5	1.0	1.0	1.0	0.6510208
2013-3-E	3	5	2	2	0.4	0.4	0.76	1.1524431
2013-3-F	3	6	1	6	0.1666667	1.0	0.8478261	0.8358628
2013-4-A	2	6	4	4	0.6666667	0.6666667	0.1111111	0.7720104
2013-4-B	3	5	4	4	0.8	0.8	0.9578947	0.4533529
2013-4-C	3	5	2	4	0.4	0.8	0.5333333	0.9107289
2013-4-D	3	6	1	2	0.1666667	0.3333333	0.2121212	0.6592925
2013-4-E	3	5	1	1	0.2	0.2	0.3111111	0.8970438
2013-4-F	2	6	6	6	1.0	1.0	1.0	0.995992
2013-S-A	3	6	2	3	0.3333333	0.5	0.3550725	0.850098
2013-S-B	3	8	2	5	0.25	0.625	0.3375	0.8770367
2013-S-C	4	8	3	7	0.375	0.875	0.58125	0.742062
2013-F-A	4	10	4	10	0.4	1.0	0.7646465	0.8112295
2014-1-A	2	6	4	4	0.6666667	0.6666667	0.3	1.4240787
2014-1-B	3	6	2	2	0.3333333	0.3333333	0.4855072	1.242578
2014-2-A	3	6	4	4	0.6666667	0.6666667	0.7777778	0.9715966
2014-2-B	2	6	6	6	1.0	1.0	1.0	0.7238784
2014-3-A	2	6	6	6	1.0	1.0	1.0	1.1696153
2014-3-B	3	6	5	6	0.8333333	1.0	0.8611111	1.068332
2014-4-A	3	6	4	4	0.6666667	0.6666667	0.7777778	0.7694154
2014-4-B	2	6	4	4	0.6666667	0.6666667	0.1111111	1.0677078
2014-F-A	3	7	3	3	0.4285714	0.4285714	0.5	0.6724288
2015-1-A	3	6	3	4	0.5	0.6666667	0.5833333	1.4669697
2015-1-B	2	6	6	6	1.0	1.0	1.0	0.8625543
2015-1-C	3	6	1	5	0.1666667	0.8333333	0.8043478	0.8033264
2015-1-D	2	5	5	5	1.0	1.0	1.0	0.7302076
2015-2-A	2	7	1	1	0.1428571	0.1428571	0.8571429	1.8877652
2015-2-B	3	7	4	4	0.5714286	0.5714286	0.5510204	0.8361065
2015-2-C	2	6	4	4	0.6666667	0.6666667	0.1111111	1.0276186
2015-2-D	3	6	6	6	1.0	1.0	1.0	0.7899367
2015-3-A	2	7	4	4	0.5714286	0.5714286	0.0204082	1.151187
2015-3-B	3	6	1	1	0.1666667	0.1666667	0.4855072	0.7983316
2015-3-C	2	6	1	1	0.1666667	0.1666667	0.3	1.1349009
2015-3-D	3	6	4	4	0.6666667	0.6666667	0.7777778	1.0532489
2015-4-A	3	6	1	2	0.1666667	0.3333333	0.2246377	0.814862
2015-4-B	2	6	5	5	0.8333333	0.8333333	0.4444444	0.8461678
2015-4-C	3	6	6	6	1.0	1.0	1.0	1.0942273
2015-4-D	2	6	2	2	0.3333333	0.3333333	0.1111111	1.0899541
2015-S-A	3	7	6	6	0.8571429	0.8571429	0.877551	1.114751
2015-S-B	3	7	1	1	0.1428571	0.1428571	0.4171429	1.0944938
2015-F-A	3	12	2	3	0.1666667	0.25	0.0126812	1.1304806
2016-1-A	3	6	2	2	0.3333333	0.3333333	0.1376812	1.8154889
2016-1-B	3	6	3	3	0.5	0.5	0.4130435	1.4514361
2016-1-C	3	6	2	2	0.3333333	0.3333333	0.5833333	1.4189198
2016-1-D	3	6	1	1	0.1666667	0.1666667	0.6594203	1.1454257
2016-1-E	2	6	6	6	1.0	1.0	1.0	1.3579396
2016-1-F	2	6	1	1	0.1666667	0.1666667	0.3	1.5244671
2016-2-A	3	6	6	6	1.0	1.0	1.0	1.1266469
2016-2-B	3	6	3	5	0.5	0.8333333	0.5434783	0.5680376
2016-2-C	3	5	3	3	0.6	0.6	0.76	1.0314078
2016-2-D	3	6	1	4	0.1666667	0.6666667	0.3611111	1.2500667
2016-2-E	2	5	1	1	0.2	0.2	0.2	1.4395366
2016-2-F	2	6	1	1	0.1666667	0.1666667	0.4444444	1.3431307
2016-3-A	3	7	3	3	0.4285714	0.4285714	0.7777778	1.0243938
2016-3-B	3	6	1	2	0.1666667	0.3333333	0.1811594	1.8754555
2016-3-C	3	7	2	4	0.2857143	0.5714286	0.1130952	1.2005657
2016-4-A	3	5	3	3	0.6	0.6	0.76	2.0029275
2016-4-B	3	6	3	3	0.5	0.5	0.7898551	1.2296341
2016-4-C	3	5	2	3	0.4	0.6	0.04	1.5039012
2016-4-D	3	6	4	4	0.6666667	0.6666667	0.8478261	1.3837148
2016-4-E	2	6	6	6	1.0	1.0	1.0	0.7483315
2016-4-F	2	5	2	2	0.4	0.4	0.0	1.0843345
2016-S-A	3	7	1	1	0.1428571	0.1428571	0.7307692	1.1717811
2016-S-B	3	7	4	5	0.5714286	0.7142857	0.6326531	1.7176238
2016-S-C	3	7	1	6	0.1428571	0.8571429	0.9285714	1.0001929
2016-F-A	3	10	4	9	0.4	0.9	0.7184211	0.811159
2017-1-A	3	8	1	8	0.125	1.0	0.890625	0.972908
2017-1-B	3	8	4	4	0.5	0.5	0.3024194	0.9646321
2017-1-C	3	7	2	6	0.2857143	0.8571429	0.6326531	1.0518942
2017-1-D	3	7	4	6	0.5714286	0.8571429	0.6719577	0.8629014
2017-1-E	3	7	7	7	1.0	1.0	1.0	0.8505173
2017-1-F	3	7	6	6	0.8571429	0.8571429	0.968254	1.0028893
2017-2-A	3	7	1	1	0.1428571	0.1428571	0.5714286	1.0994176
2017-2-B	3	8	2	2	0.25	0.25	0.0541667	1.5280023
2017-2-C	3	7	4	6	0.5714286	0.8571429	0.7354497	0.8477912
2017-2-D	3	7	1	1	0.1428571	0.1428571	0.877551	0.9039522
2017-2-E	3	8	6	7	0.75	0.875	0.765625	0.5976143
2017-2-F	3	7	1	1	0.1428571	0.1428571	0.8571429	1.0524443
2017-3-A	3	7	6	7	0.8571429	1.0	0.877551	0.8014743
2017-3-B	3	7	4	5	0.5714286	0.7142857	0.6428571	1.2405507
2017-3-C	3	7	3	4	0.4285714	0.5714286	0.4514286	1.0281531
2017-3-D	3	7	4	4	0.5714286	0.5714286	0.1640212	1.272483
2017-3-E	3	8	5	7	0.625	0.875	0.7620968	0.6743964
2017-3-F	3	7	2	2	0.2857143	0.2857143	0.2362637	1.0997685
2017-4-A	3	7	4	7	0.5714286	1.0	0.755102	0.6611461
2017-4-B	3	7	1	3	0.1428571	0.4285714	0.047619	0.8404786
2017-4-C	3	7	5	6	0.7142857	0.8571429	0.6190476	1.0274023
2017-4-D	3	7	2	6	0.2857143	0.8571429	0.5510204	0.9706336
2017-4-E	3	7	3	3	0.4285714	0.4285714	0.755102	0.8653569
2017-4-F	3	7	5	5	0.7142857	0.7142857	0.8624339	0.9576286
2017-S-A	3	9	5	9	0.5555556	1.0	0.784127	0.8902137
2017-S-B	3	9	4	7	0.4444444	0.7777778	0.3333333	1.337315
2017-S-C	3	9	3	4	0.3333333	0.4444444	0.4567901	1.234408
2017-F-A	3	16	6	7	0.375	0.4375	0.7387295	0.9719015
2018-1-A	3	10	9	10	0.9	1.0	0.9769231	0.957248
2018-1-B	3	9	9	9	1.0	1.0	1.0	0.75659
2018-1-C	3	9	3	4	0.3333333	0.4444444	0.5522876	1.3343909
2018-1-D	3	9	1	1	0.1111111	0.1111111	0.784127	0.9548737
2018-1-E	3	10	4	9	0.4	0.9	0.5717949	0.8432198
2018-2-A	3	9	4	5	0.4444444	0.5555556	0.1604938	0.9113542
2018-2-B	3	8	6	8	0.75	1.0	0.8125	1.1848165
2018-2-C	3	8	5	8	0.625	1.0	0.765625	0.8653238
2018-2-D	3	9	5	5	0.5555556	0.5555556	0.7530864	0.7121527
2018-2-E	3	8	1	2	0.125	0.25	0.0040323	0.8093237
2018-3-A	3	9	1	2	0.1111111	0.2222222	0.4222222	0.7147762
2018-3-B	3	9	9	9	1.0	1.0	1.0	0.8598957
2018-3-C	3	8	1	4	0.125	0.5	0.4153226	1.2459848
2018-3-D	3	9	4	9	0.4444444	1.0	0.8316498	0.9150969
2018-3-E	3	9	9	9	1.0	1.0	1.0	0.952399
2018-4-A	3	9	8	9	0.8888889	1.0	0.9746032	0.8601796
2018-4-B	3	9	9	9	1.0	1.0	1.0	0.7337653
2018-4-C	3	9	6	6	0.6666667	0.6666667	0.7777778	0.7948811
2018-4-D	3	8	2	2	0.25	0.25	0.8	0.8035998
2018-4-E	3	9	8	8	0.8888889	0.8888889	0.9012346	0.8756508
2018-S-A	3	14	7	7	0.5	0.5	0.8296703	0.7683427
2018-S-B	3	14	3	3	0.2142857	0.2142857	0.8316327	0.9270951
2018-S-C	3	14	5	5	0.3571429	0.3571429	0.0818182	0.9278313
2018-F-A	3	16	11	13	0.6875	0.8125	0.6118952	1.0728754
2019-1-A	3	8	5	5	0.625	0.625	0.7291667	1.3769588
2019-1-B	3	8	8	8	1.0	1.0	1.0	0.7549641
2019-1-C	3	8	4	5	0.5	0.625	0.7166667	1.2051477
2019-1-D	3	8	5	7	0.625	0.875	0.7620968	1.1109491
2019-1-E	3	8	6	8	0.75	1.0	0.8125	0.8817334
2019-1-F	3	8	4	8	0.5	1.0	0.8166667	0.8353232
2019-1-G	3	7	4	5	0.5714286	0.7142857	0.5330688	1.4310274
2019-2-A	3	8	4	5	0.5	0.625	0.4717742	1.166007
2019-2-B	3	7	5	7	0.7142857	1.0	0.7959184	0.8033975
2019-2-C	3	7	1	1	0.1428571	0.1428571	0.7989418	0.9746003
2019-2-D	3	7	7	7	1.0	1.0	1.0	0.963052
2019-2-E	3	7	6	6	0.8571429	0.8571429	0.877551	0.9139269
2019-2-F	3	7	2	4	0.2857143	0.5714286	0.12	0.9686442
2019-2-G	3	7	2	2	0.2857143	0.2857143	0.7989418	1.2076147
2019-3-A	3	7	1	7	0.1428571	1.0	0.8624339	1.1320935
2019-3-B	3	7	5	5	0.7142857	0.7142857	0.8624339	1.0298403
2019-3-C	3	6	3	6	0.5	1.0	0.7898551	0.7447595
2019-3-D	3	6	5	5	0.8333333	0.8333333	0.8611111	1.3475904
2019-3-E	3	6	5	6	0.8333333	1.0	0.9637681	1.0379467
2019-3-F	3	7	1	1	0.1428571	0.1428571	0.3968254	1.0285283
2019-3-G	3	6	2	2	0.3333333	0.3333333	0.0079365	1.4431447
2019-4-A	3	6	2	5	0.3333333	0.8333333	0.5277778	1.4394443
2019-4-B	3	6	6	6	1.0	1.0	1.0	1.1730303
2019-4-C	3	6	1	1	0.1666667	0.1666667	0.0714286	1.1171392
2019-4-D	3	6	3	5	0.5	0.8333333	0.6594203	1.0079683
2019-4-E	3	7	1	1	0.1428571	0.1428571	0.5767196	0.8680278
2019-4-F	3	6	3	4	0.5	0.6666667	0.4565217	0.9660918
2019-4-G	3	7	1	1	0.1428571	0.1428571	0.7037037	1.2261616
2019-S-A	3	9	1	1	0.1111111	0.1111111	0.0620915	0.9323644
2019-S-B	3	9	3	8	0.3333333	0.8888889	0.5925926	1.1048544
2019-S-C	3	10	4	9	0.4	0.9	0.6421053	0.7133837
2019-F-A	3	15	5	8	0.3333333	0.5333333	0.2898148	0.7409562
2020-1-A	3	5	3	5	0.6	1.0	0.76	1.080726
2020-1-B	3	5	3	3	0.6	0.6	0.76	1.2086925
2020-1-C	3	5	4	4	0.8	0.8	0.84	1.5279514
2020-1-D	3	6	6	6	1.0	1.0	1.0	0.814862
2020-1-E	2	6	5	5	0.8333333	0.8333333	0.8333333	1.3145341
2020-2-A	3	5	2	2	0.4	0.4	0.7894737	1.1695249
2020-2-B	2	6	6	6	1.0	1.0	1.0	1.0411532
2020-2-C	3	5	4	4	0.8	0.8	0.9578947	0.7508675
2020-2-D	3	5	5	5	1.0	1.0	1.0	1.2016698
2020-2-E	3	5	1	5	0.2	1.0	0.9578947	1.3588062
2020-3-A	3	5	3	3	0.6	0.6	0.76	0.7688601
2020-3-B	3	6	5	5	0.8333333	0.8333333	0.8611111	1.2132601
2020-3-C	3	5	2	2	0.4	0.4	0.12	1.0332997
2020-3-D	2	5	4	4	0.8	0.8	0.36	1.2374369
2020-3-E	3	5	5	5	1.0	1.0	1.0	0.872765
2020-4-A	3	4	4	4	1.0	1.0	1.0	1.0393493
2020-4-B	3	6	4	6	0.6666667	1.0	0.7777778	0.9892758
2020-4-C	3	5	5	5	1.0	1.0	1.0	0.8172936
2020-4-D	3	5	4	5	0.8	1.0	0.84	1.2716869
2020-4-E	2	5	5	5	1.0	1.0	1.0	1.3954446
2020-S-A	3	5	1	4	0.2	0.8	0.3263158	0.8003905
2020-S-B	3	5	3	4	0.6	0.8	0.64	1.0612738
2020-S-C	3	6	1	1	0.1666667	0.1666667	0.8043478	0.8748333
2020-F-A	3	7	1	3	0.1428571	0.4285714	0.04	0.7365041
2021-1-A	3	6	5	5	0.8333333	0.8333333	0.9637681	1.4038044
2021-1-B	3	6	2	2	0.3333333	0.3333333	0.7898551	0.9223159
2021-1-C	3	6	5	6	0.8333333	1.0	0.9637681	1.0670832
2021-1-D	2	7	4	4	0.5714286	0.5714286	0.2571429	1.0290908
2021-1-E	2	6	4	4	0.6666667	0.6666667	0.1111111	0.8671793
2021-2-A	3	7	6	6	0.8571429	0.8571429	0.968254	0.9196081
2021-2-B	3	7	1	1	0.1428571	0.1428571	0.2692308	1.0236403
2021-2-C	2	7	1	1	0.1428571	0.1428571	0.8571429	1.0120798
2021-2-D	2	7	7	7	1.0	1.0	1.0	1.1097214
2021-2-E	3	6	3	4	0.5	0.6666667	0.7028986	1.0119288
2021-3-A	3	6	5	6	0.8333333	1.0	0.9637681	1.4160979
2021-3-B	3	7	3	3	0.4285714	0.4285714	0.7777778	1.1636867
2021-3-C	2	6	5	5	0.8333333	0.8333333	0.4444444	1.1419282
2021-3-D	2	6	6	6	1.0	1.0	1.0	0.9055385
2021-3-E	3	6	2	2	0.3333333	0.3333333	0.3412698	0.7339392
2021-4-A	3	6	4	6	0.6666667	1.0	0.7777778	0.9797959
2021-4-B	3	7	3	3	0.4285714	0.4285714	0.4285714	1.0185396
2021-4-C	3	7	1	1	0.1428571	0.1428571	0.8624339	1.2489193
2021-4-D	2	6	6	6	1.0	1.0	1.0	0.9380832
2021-4-E	2	6	4	4	0.6666667	0.6666667	0.1111111	1.3296616
2021-S-A	3	9	2	2	0.2222222	0.2222222	0.7745098	0.9378472
2021-S-B	3	8	4	4	0.5	0.5	0.75	1.0839406
2021-S-C	3	9	1	1	0.1111111	0.1111111	0.2345679	1.1506763
2021-F-A	3	8	1	1	0.125	0.125	0.3291667	0.898925
2022-1-A	3	5	1	1	0.2	0.2	0.8315789	0.9560662
2022-1-B	3	5	4	5	0.8	1.0	0.9578947	0.7772816
2022-1-C	3	5	1	1	0.2	0.2	0.2210526	0.7207852
2022-1-D	2	5	4	4	0.8	0.8	0.8	0.9509453
2022-1-E	2	5	5	5	1.0	1.0	1.0	0.939581
2022-2-A	3	5	5	5	1.0	1.0	1.0	0.6444878
2022-2-B	3	5	1	1	0.2	0.2	0.0105263	0.861503
2022-2-C	2	5	5	5	1.0	1.0	1.0	0.6917482
2022-2-D	2	5	5	5	1.0	1.0	1.0	0.8040425
2022-2-E	3	5	2	3	0.4	0.6	0.1368421	1.5716399
2022-3-A	3	5	3	5	0.6	1.0	0.76	1.4519204
2022-3-B	3	5	1	1	0.2	0.2	0.7444444	0.7198813
2022-3-C	2	5	5	5	1.0	1.0	1.0	0.8500919
2022-3-D	2	5	5	5	1.0	1.0	1.0	0.6495191
2022-3-E	3	5	1	1	0.2	0.2	0.84	1.4934754
2022-4-A	3	5	2	2	0.4	0.4	0.3111111	1.1422292
2022-4-B	3	5	3	5	0.6	1.0	0.76	1.0414583
2022-4-C	3	5	5	5	1.0	1.0	1.0	0.977614
2022-4-D	2	5	3	3	0.6	0.6	0.04	1.2382258
2022-4-E	2	5	1	1	0.2	0.2	0.2	0.8112972
2022-S-A	3	7	1	2	0.1428571	0.2857143	0.2653061	1.1767094
2022-S-B	3	7	4	4	0.5714286	0.5714286	0.3877551	0.9972957
2022-S-C	3	6	4	4	0.6666667	0.6666667	0.8478261	0.9825138
2022-F-A	3	8	5	8	0.625	1.0	0.765625	0.8866793
