fight	teams	N	N_order	N_winner	frac_order	frac_winner	W	rho
1990-1-A	3	11	2	10	0.1818182	0.9090909	0.8658009	0.8581472
1990-F-A	3	7	1	3	0.1428571	0.4285714	0.5510204	1.1704634
1993-1-A	3	7	5	5	0.7142857	0.7142857	0.7959184	0.9269208
1993-2-A	3	7	5	5	0.7142857	0.7142857	0.3265306	0.8041175
1993-2-B	3	7	3	4	0.4285714	0.5714286	0.5	1.3365124
1993-3-A	3	7	3	4	0.4285714	0.5714286	0.6190476	1.0391637
1993-3-C	3	7	4	6	0.5714286	0.8571429	0.3877551	1.0760552
1993-4-A	3	6	1	1	0.1666667	0.1666667	0.2727273	0.9605554
1993-4-C	3	7	2	4	0.2857143	0.5714286	0.2063492	1.3143909
1993-S-A	3	6	1	1	0.1666667	0.1666667	0.0072464	1.3033291
1996-2-D	4	6	1	2	0.1666667	0.3333333	0.4265537	1.1865918
1997-1-A	3	6	2	4	0.3333333	0.6666667	0.1944444	0.7949843
1997-S-A	3	7	1	1	0.1428571	0.1428571	0.077381	0.9183486
1998-1-C	3	5	1	2	0.2	0.4	0.0777778	0.9220957
1998-2-D	3	5	1	1	0.2	0.2	0.0736842	1.0716518
1998-3-E	3	5	2	2	0.4	0.4	0.8444444	0.9277268
2000-F-A	3	11	2	3	0.1818182	0.2727273	0.1645022	0.8382522
2001-1-B	3	6	2	4	0.3333333	0.6666667	0.3550725	0.7411703
2001-1-F	3	6	5	5	0.8333333	0.8333333	0.9637681	0.8066391
2001-2-E	3	6	2	4	0.3333333	0.6666667	0.25	1.1593101
2001-F-A	3	10	3	8	0.3	0.8	0.2794872	0.8176158
2002-1-B	4	7	3	5	0.4285714	0.7142857	0.6408163	0.7087417
2003-1-D	3	6	4	4	0.6666667	0.6666667	0.7777778	0.8839306
2003-2-A	4	6	1	5	0.1666667	0.8333333	0.6522989	0.7668116
2003-3-B	4	6	1	1	0.1666667	0.1666667	0.8163842	0.6737952
2003-4-F	3	6	3	6	0.5	1.0	0.7898551	0.9033272
2003-5-E	3	6	1	1	0.1666667	0.1666667	0.6594203	1.0302103
2003-F-A	3	11	1	5	0.0909091	0.4545455	0.0606061	0.6206851
2004-1-D	3	6	2	2	0.3333333	0.3333333	0.3550725	0.7321202
2005-1-A	4	5	1	1	0.2	0.2	0.7291667	0.7146623
2005-1-B	3	5	2	3	0.4	0.6	0.6	0.9934683
2005-1-C	3	5	3	4	0.6	0.8	0.7684211	0.625
2005-1-D	3	5	3	3	0.6	0.6	0.48	1.0155048
2005-1-E	3	5	1	3	0.2	0.6	0.6631579	0.6969054
2005-1-F	3	5	5	5	1.0	1.0	1.0	0.7438988
2005-1-G	3	5	2	3	0.4	0.6	0.28	0.6614378
2005-1-H	3	5	2	5	0.4	1.0	0.7894737	0.9608211
2005-2-A	4	5	1	1	0.2	0.2	0.044898	0.8964993
2005-2-B	3	6	5	5	0.8333333	0.8333333	0.8611111	0.7814516
2005-2-C	3	6	1	1	0.1666667	0.1666667	0.6594203	0.6491019
2005-2-D	3	7	1	4	0.1428571	0.5714286	0.3265306	0.9738082
2005-2-E	3	7	7	7	1.0	1.0	1.0	0.7152441
2005-2-F	3	6	5	6	0.8333333	1.0	0.8611111	1.1123549
2005-2-G	3	6	1	1	0.1666667	0.1666667	0.0079365	0.8671793
2005-2-H	3	7	1	3	0.1428571	0.4285714	0.0164835	1.0317117
2005-3-A	4	6	1	1	0.1666667	0.1666667	0.1757576	0.8473488
2005-3-B	3	6	1	5	0.1666667	0.8333333	0.5434783	0.669328
2005-3-C	3	6	2	6	0.3333333	1.0	0.8181818	0.7865537
2005-3-D	3	6	4	5	0.6666667	0.8333333	0.6944444	0.7659417
2005-3-E	3	6	4	4	0.6666667	0.6666667	0.8478261	0.6175219
2005-3-F	3	5	4	4	0.8	0.8	0.84	1.2108451
2005-3-G	3	6	1	1	0.1666667	0.1666667	0.9637681	0.8884443
2005-3-H	3	5	2	2	0.4	0.4	0.3263158	0.8204737
2005-4-A	4	6	2	4	0.3333333	0.6666667	0.7222222	1.044988
2005-4-B	3	5	1	3	0.2	0.6	0.2	0.7162547
2005-4-C	3	6	4	5	0.6666667	0.8333333	0.8043478	0.7266361
2005-4-D	3	6	2	2	0.3333333	0.3333333	0.0942029	0.9003703
2005-4-E	3	5	2	2	0.4	0.4	0.2	0.6545116
2005-4-F	3	6	3	4	0.5	0.6666667	0.780303	0.9906227
2005-4-G	3	6	2	3	0.3333333	0.5	0.484127	0.7501111
2005-4-H	3	6	4	5	0.6666667	0.8333333	0.8043478	0.8625543
2005-5-A	4	6	1	3	0.1666667	0.5	0.6982759	0.968504
2005-5-B	3	6	3	6	0.5	1.0	0.75	0.8
2005-5-C	3	6	4	6	0.6666667	1.0	0.8478261	0.8164966
2005-5-D	3	6	4	4	0.6666667	0.6666667	0.8478261	0.6366579
2005-5-E	3	5	5	5	1.0	1.0	1.0	0.9298297
2005-5-F	3	5	5	5	1.0	1.0	1.0	0.586302
2005-5-G	3	6	2	2	0.3333333	0.3333333	0.4444444	0.8066391
2005-5-H	3	6	4	4	0.6666667	0.6666667	0.7777778	1.1865918
2005-F-A	3	10	5	5	0.5	0.5	0.5615385	0.6748469
2006-1-A	4	7	1	4	0.1428571	0.5714286	0.7484009	0.8759915
2006-1-B	3	6	1	3	0.1666667	0.5	0.2246377	0.851665
2006-1-C	3	7	4	5	0.5714286	0.7142857	0.6098901	0.6361657
2006-1-D	3	7	4	5	0.5714286	0.7142857	0.7354497	0.8265931
2006-1-E	3	7	1	2	0.1428571	0.2857143	0.0687831	0.9160351
2006-1-F	3	6	1	1	0.1666667	0.1666667	0.3333333	0.7615773
2006-1-G	3	7	1	2	0.1428571	0.2857143	0.0559006	0.7476816
2006-1-H	3	7	5	7	0.7142857	1.0	0.8624339	0.5148265
2006-2-A	4	7	3	5	0.4285714	0.7142857	0.6	0.9364964
2006-2-B	3	7	3	3	0.4285714	0.4285714	0.5132275	0.9103316
2006-2-C	3	7	1	1	0.1428571	0.1428571	0.877551	0.9409658
2006-2-D	3	7	1	1	0.1428571	0.1428571	0.9285714	0.7745469
2006-2-E	3	7	3	3	0.4285714	0.4285714	0.7777778	0.7752937
2006-2-F	3	6	2	2	0.3333333	0.3333333	0.0530303	0.7554248
2006-2-G	3	6	2	6	0.3333333	1.0	0.7777778	0.8213809
2006-2-H	3	7	2	3	0.2857143	0.4285714	0.1005291	0.7430231
2006-3-A	4	7	1	2	0.1428571	0.2857143	0.7961538	0.6649283
2006-3-B	3	7	2	2	0.2857143	0.2857143	0.7354497	0.6649283
2006-3-C	3	6	2	4	0.3333333	0.6666667	0.5289855	0.7899367
2006-3-D	3	7	1	1	0.1428571	0.1428571	0.8306878	0.8871511
2006-3-E	3	7	7	7	1.0	1.0	1.0	0.7990639
2006-3-F	3	7	5	5	0.7142857	0.7142857	0.7959184	0.9479103
2006-3-G	3	7	1	1	0.1428571	0.1428571	0.8306878	0.9143489
2006-3-H	3	7	1	1	0.1428571	0.1428571	0.8306878	0.8455129
2006-4-A	4	7	1	1	0.1428571	0.1428571	0.652452	0.8393877
2006-4-B	3	7	7	7	1.0	1.0	1.0	0.7512849
2006-4-C	3	7	5	6	0.7142857	0.8571429	0.7346939	0.6902652
2006-4-D	3	7	6	7	0.8571429	1.0	0.968254	0.7809953
2006-4-E	3	7	1	1	0.1428571	0.1428571	0.3333333	1.1689792
2006-4-F	3	7	3	3	0.4285714	0.4285714	0.7777778	0.6239188
2006-4-G	3	6	3	5	0.5	0.8333333	0.7028986	0.7042727
2006-4-H	3	7	3	3	0.4285714	0.4285714	0.8628571	0.9130822
2006-5-A	4	7	2	6	0.2857143	0.8571429	0.8530612	0.6994955
2006-5-B	3	6	1	1	0.1666667	0.1666667	0.5793651	0.5744563
2006-5-C	3	7	3	3	0.4285714	0.4285714	0.755102	0.6637668
2006-5-D	3	6	3	6	0.5	1.0	0.75	0.813224
2006-5-E	3	6	1	1	0.1666667	0.1666667	0.2246377	0.8789198
2006-5-F	3	6	2	2	0.3333333	0.3333333	0.3636364	0.7447595
2006-5-G	3	7	4	4	0.5714286	0.5714286	0.7989418	0.8673608
2006-5-H	3	6	4	5	0.6666667	0.8333333	0.3611111	0.6470446
2006-F-A	3	10	2	4	0.2	0.4	0.0361111	0.7736516
2007-5-C	3	8	1	2	0.125	0.25	0.484375	0.8613841
2007-F-A	3	10	2	3	0.2	0.3	0.0351351	0.625988
2008-1-G	3	6	2	2	0.3333333	0.3333333	0.7028986	0.6689544
2008-2-D	3	6	4	4	0.6666667	0.6666667	0.8478261	0.5773503
2008-2-E	3	6	3	4	0.5	0.6666667	0.3611111	0.7339392
2008-3-B	3	6	4	6	0.6666667	1.0	0.7777778	0.7952987
2008-F-A	3	11	3	6	0.2727273	0.5454545	0.192389	0.5285988
2009-1-A	3	7	6	7	0.8571429	1.0	0.877551	0.6034878
2009-1-B	3	7	1	1	0.1428571	0.1428571	0.7346939	0.9011738
2009-1-C	3	7	2	2	0.2857143	0.2857143	0.6153846	0.8604388
2009-1-D	3	7	5	5	0.7142857	0.7142857	0.8624339	0.7622457
2009-1-E	3	7	1	2	0.1428571	0.2857143	0.7037037	0.8938663
2009-1-F	3	7	1	5	0.1428571	0.7142857	0.1771429	0.7742978
2009-1-G	3	7	4	7	0.5714286	1.0	0.755102	0.8886718
2009-1-H	3	7	7	7	1.0	1.0	1.0	0.7128126
2009-1-I	3	7	2	4	0.2857143	0.5714286	0.4285714	0.8432283
2009-2-A	3	7	1	6	0.1428571	0.8571429	0.7037037	0.8691382
2009-2-B	3	7	1	4	0.1428571	0.5714286	0.3877551	0.8773118
2009-2-C	3	7	3	7	0.4285714	1.0	0.8131868	0.6186405
2009-2-D	3	7	1	1	0.1428571	0.1428571	0.3862434	0.6367718
2009-2-E	3	7	2	6	0.2857143	0.8571429	0.7354497	0.8363372
2009-2-F	3	7	3	3	0.4285714	0.4285714	0.5132275	0.8036376
2009-2-G	3	7	5	6	0.7142857	0.8571429	0.8306878	0.7336174
2009-2-H	3	7	1	1	0.1428571	0.1428571	0.510989	0.779512
2009-2-I	3	7	3	5	0.4285714	0.7142857	0.3877551	0.8275261
2009-3-A	3	7	1	1	0.1428571	0.1428571	0.2057143	0.6373774
2009-3-B	3	7	6	6	0.8571429	0.8571429	0.968254	0.6721419
2009-3-C	3	7	5	5	0.7142857	0.7142857	0.7959184	0.801715
2009-3-D	3	7	2	5	0.2857143	0.7142857	0.3681319	0.5446853
2009-3-E	3	7	4	6	0.5714286	0.8571429	0.4179894	0.6273105
2009-3-F	3	6	5	6	0.8333333	1.0	0.8611111	0.5291503
2009-3-G	3	7	1	5	0.1428571	0.7142857	0.7354497	1.3027452
2009-3-H	3	7	3	3	0.4285714	0.4285714	0.6825397	0.9294147
2009-3-I	3	7	4	4	0.5714286	0.5714286	0.7989418	0.9529843
2009-4-A	3	7	3	5	0.4285714	0.7142857	0.3351648	0.9292072
2009-4-B	3	7	2	2	0.2857143	0.2857143	0.8131868	0.7757911
2009-4-C	3	7	4	7	0.5714286	1.0	0.755102	0.5739994
2009-4-D	3	7	3	3	0.4285714	0.4285714	0.755102	0.992837
2009-4-E	3	7	2	3	0.2857143	0.4285714	0.2653061	0.8086626
2009-4-F	3	7	2	2	0.2857143	0.2857143	0.4179894	0.7141644
2009-4-G	3	7	7	7	1.0	1.0	1.0	0.9969088
2009-4-H	3	7	2	2	0.2857143	0.2857143	0.7989418	0.6015669
2009-4-I	3	7	3	3	0.4285714	0.4285714	0.7777778	0.7861651
2009-5-A	3	6	1	1	0.1666667	0.1666667	0.1590909	0.8422193
2009-5-B	3	7	4	6	0.5714286	0.8571429	0.8076923	0.7043735
2009-5-C	3	7	2	2	0.2857143	0.2857143	0.9450549	0.8884548
2009-5-D	3	7	1	1	0.1428571	0.1428571	0.7037037	0.8216777
2009-5-E	3	7	4	4	0.5714286	0.5714286	0.5510204	0.7561476
2009-5-F	3	7	2	2	0.2857143	0.2857143	0.5102041	0.6787107
2009-5-G	3	7	6	6	0.8571429	0.8571429	0.877551	0.8895397
2009-5-H	3	7	2	3	0.2857143	0.4285714	0.0494505	0.8314794
2009-5-I	3	7	6	6	0.8571429	0.8571429	0.877551	0.9444444
2009-F-A	3	12	1	3	0.0833333	0.25	0.1613475	0.7426912
2010-1-A	4	7	1	2	0.1428571	0.2857143	0.5038462	0.8399046
2010-1-B	3	7	3	4	0.4285714	0.5714286	0.1957672	0.96205
2010-1-C	3	7	3	5	0.4285714	0.7142857	0.6130952	0.938297
2010-1-D	3	7	1	1	0.1428571	0.1428571	0.7307692	1.0294656
2010-1-E	4	7	1	1	0.1428571	0.1428571	0.4367347	0.9409658
2010-1-F	3	7	6	6	0.8571429	0.8571429	0.877551	0.6854979
2010-1-G	3	7	1	1	0.1428571	0.1428571	0.244898	0.8878032
2010-2-A	4	7	1	5	0.1428571	0.7142857	0.4894958	0.9268687
2010-2-B	3	7	3	3	0.4285714	0.4285714	0.7777778	0.6660877
2010-2-C	3	7	5	6	0.7142857	0.8571429	0.7346939	0.63768
2010-2-D	3	7	5	6	0.7142857	0.8571429	0.4814815	0.8441428
2010-2-E	4	7	1	1	0.1428571	0.1428571	0.5441176	0.8748346
2010-2-F	3	7	3	3	0.4285714	0.4285714	0.6825397	0.8019555
2010-2-G	3	7	1	1	0.1428571	0.1428571	0.2063492	0.7632573
2010-3-A	4	7	1	6	0.1428571	0.8571429	0.5102041	1.2058163
2010-3-B	3	7	2	5	0.2857143	0.7142857	0.5873016	1.316737
2010-3-C	3	6	4	5	0.6666667	0.8333333	0.8043478	0.8342661
2010-3-D	3	7	3	5	0.4285714	0.7142857	0.244898	0.8662481
2010-3-E	4	7	2	7	0.2857143	1.0	0.8530612	0.7798831
2010-3-F	3	7	2	4	0.2857143	0.5714286	0.4814815	0.9852304
2010-3-G	3	7	1	7	0.1428571	1.0	0.8571429	1.0436093
2010-4-A	4	6	1	1	0.1666667	0.1666667	0.3472222	0.9011104
2010-4-B	3	7	4	6	0.5714286	0.8571429	0.7354497	0.7893485
2010-4-C	3	7	7	7	1.0	1.0	1.0	0.9237938
2010-4-D	3	7	5	6	0.7142857	0.8571429	0.6402116	0.9746003
2010-4-E	4	7	2	5	0.2857143	0.7142857	0.4492754	0.9109671
2010-4-F	3	7	6	7	0.8571429	1.0	0.877551	0.6588079
2010-4-G	3	7	3	5	0.4285714	0.7142857	0.4175824	0.6517427
2010-5-A	4	7	2	3	0.2857143	0.4285714	0.2584034	1.0899902
2010-5-B	3	7	2	5	0.2857143	0.7142857	0.4814815	0.9113905
2010-5-C	3	7	5	5	0.7142857	0.7142857	0.5102041	0.7111871
2010-5-D	3	7	4	4	0.5714286	0.5714286	0.7989418	0.8377199
2010-5-E	4	7	1	5	0.1428571	0.7142857	0.4684874	1.0805252
2010-5-F	3	7	1	1	0.1428571	0.1428571	0.8306878	1.057199
2010-5-G	3	7	2	5	0.2857143	0.7142857	0.2637363	0.8053161
2010-F-A	4	10	1	1	0.1	0.1	0.58	0.567767
2011-1-A	3	6	1	4	0.1666667	0.6666667	0.2681159	1.5483324
2011-1-B	3	6	3	4	0.5	0.6666667	0.5833333	1.1718931
2011-1-C	3	6	1	5	0.1666667	0.8333333	0.5724638	0.8310636
2011-1-D	3	6	6	6	1.0	1.0	1.0	1.1360751
2011-1-E	3	5	5	5	1.0	1.0	1.0	1.0783137
2011-1-F	3	6	6	6	1.0	1.0	1.0	0.9838699
2011-1-G	3	6	3	3	0.5	0.5	0.75	0.9092121
2011-2-A	3	6	1	1	0.1666667	0.1666667	0.4621212	0.9003703
2011-2-B	3	6	2	6	0.3333333	1.0	0.9393939	0.90185
2011-2-C	3	6	1	1	0.1666667	0.1666667	0.7898551	1.0645813
2011-2-D	3	6	1	2	0.1666667	0.3333333	0.0277778	1.1207141
2011-2-E	3	6	4	5	0.6666667	0.8333333	0.673913	0.8016649
2011-2-F	3	6	1	3	0.1666667	0.5	0.6805556	1.2847827
2011-2-G	3	6	2	2	0.3333333	0.3333333	0.5833333	0.9757049
2011-3-A	3	6	3	3	0.5	0.5	0.5277778	1.2670175
2011-3-B	3	5	2	3	0.4	0.6	0.28	0.879453
2011-3-C	3	6	5	5	0.8333333	0.8333333	0.8611111	1.1419282
2011-3-D	3	6	1	1	0.1666667	0.1666667	0.280303	1.0942273
2011-3-E	3	6	3	4	0.5	0.6666667	0.3611111	1.8323027
2011-3-F	3	6	1	1	0.1666667	0.1666667	0.9637681	0.6552353
2011-3-G	3	6	2	2	0.3333333	0.3333333	0.1956522	0.8294577
2011-4-A	3	5	2	2	0.4	0.4	0.52	0.8156988
2011-4-B	3	6	2	6	0.3333333	1.0	0.9393939	1.3584305
2011-4-C	3	6	1	1	0.1666667	0.1666667	0.8478261	1.1843423
2011-4-D	3	6	2	4	0.3333333	0.6666667	0.4621212	1.0013324
2011-4-E	3	6	2	2	0.3333333	0.3333333	0.2460317	0.7694154
2011-4-F	3	5	4	5	0.8	1.0	0.84	0.9915003
2011-4-G	3	6	1	1	0.1666667	0.1666667	0.175	0.8406347
2011-5-A	3	6	2	2	0.3333333	0.3333333	0.6363636	0.9973298
2011-5-B	3	5	4	4	0.8	0.8	0.84	0.9888704
2011-5-C	3	5	4	4	0.8	0.8	0.84	0.8764868
2011-5-D	3	6	2	2	0.3333333	0.3333333	0.8650794	0.788247
2011-5-E	3	6	5	6	0.8333333	1.0	0.8611111	0.7321202
2011-5-F	3	6	1	1	0.1666667	0.1666667	0.8478261	1.0757943
2011-5-G	3	6	1	5	0.1666667	0.8333333	0.6944444	0.8687155
2011-F-A	3	11	5	11	0.4545455	1.0	0.8461538	0.5517397
2012-1-A	4	6	6	6	1.0	1.0	1.0	0.8378544
2012-1-B	3	6	4	4	0.6666667	0.6666667	0.7777778	0.5059644
2012-1-C	3	6	1	1	0.1666667	0.1666667	0.1376812	0.9423375
2012-1-D	3	6	4	4	0.6666667	0.6666667	0.7777778	0.993311
2012-1-E	3	6	5	5	0.8333333	0.8333333	0.8611111	1.0
2012-1-F	3	6	2	3	0.3333333	0.5	0.5277778	1.0026631
2012-1-G	3	6	4	5	0.6666667	0.8333333	0.5724638	1.2372011
2012-1-H	3	6	2	2	0.3333333	0.3333333	0.0652174	1.5081998
2012-1-I	3	6	2	5	0.3333333	0.8333333	0.5724638	0.9223159
2012-2-A	4	6	1	1	0.1666667	0.1666667	0.8777778	0.9
2012-2-B	3	6	1	1	0.1666667	0.1666667	0.5833333	1.3682105
2012-2-C	3	6	2	5	0.3333333	0.8333333	0.5833333	1.1183321
2012-2-D	3	6	5	5	0.8333333	0.8333333	0.9637681	0.783156
2012-2-E	3	6	1	1	0.1666667	0.1666667	0.3636364	0.7339392
2012-2-F	3	6	3	5	0.5	0.8333333	0.6594203	1.0079683
2012-2-G	3	6	1	1	0.1666667	0.1666667	0.1521739	0.8294577
2012-2-H	3	6	6	6	1.0	1.0	1.0	0.7659417
2012-2-I	3	6	4	4	0.6666667	0.6666667	0.7777778	0.6613118
2012-3-A	4	6	1	2	0.1666667	0.3333333	0.5847458	0.9022195
2012-3-B	3	6	6	6	1.0	1.0	1.0	0.9380832
2012-3-C	3	6	1	5	0.1666667	0.8333333	0.7045455	0.9266427
2012-3-D	3	6	1	1	0.1666667	0.1666667	0.3333333	1.3286585
2012-3-E	3	6	1	2	0.1666667	0.3333333	0.0507246	1.1741664
2012-3-F	3	6	2	2	0.3333333	0.3333333	0.7777778	1.2543259
2012-3-G	3	6	1	5	0.1666667	0.8333333	0.9166667	1.3495678
2012-3-H	3	6	4	5	0.6666667	0.8333333	0.5289855	1.1535453
2012-3-I	3	6	2	3	0.3333333	0.5	0.0507246	0.8170067
2012-4-A	4	6	1	1	0.1666667	0.1666667	0.5775862	0.8888194
2012-4-B	3	6	3	5	0.5	0.8333333	0.6594203	0.9465728
2012-4-C	3	6	1	1	0.1666667	0.1666667	0.0833333	0.8213809
2012-4-D	3	6	4	5	0.6666667	0.8333333	0.8043478	1.14076
2012-4-E	3	6	1	2	0.1666667	0.3333333	0.0681818	1.0106104
2012-4-F	3	6	1	1	0.1666667	0.1666667	0.6944444	0.7694154
2012-4-G	3	6	1	6	0.1666667	1.0	0.8478261	0.6870226
2012-4-H	3	6	2	2	0.3333333	0.3333333	0.8809524	0.8213809
2012-4-I	3	6	2	2	0.3333333	0.3333333	0.4318182	0.9906227
2012-5-A	4	6	2	5	0.3333333	0.8333333	0.887931	0.9186947
2012-5-B	3	6	6	6	1.0	1.0	1.0	0.9208692
2012-5-C	3	6	1	4	0.1666667	0.6666667	0.3550725	1.2055428
2012-5-D	3	6	3	3	0.5	0.5	0.75	0.9423375
2012-5-E	3	6	6	6	1.0	1.0	1.0	1.24043
2012-5-F	3	6	4	6	0.6666667	1.0	0.7777778	0.7247988
2012-5-G	3	6	1	2	0.1666667	0.3333333	0.1269841	0.7192589
2012-5-H	3	6	5	5	0.8333333	0.8333333	0.8611111	1.0148892
2012-5-I	3	6	2	6	0.3333333	1.0	0.7777778	1.2220202
2012-F-A	3	11	1	2	0.0909091	0.1818182	0.008658	0.8773065
2013-1-A	3	7	6	6	0.8571429	0.8571429	0.968254	0.7062879
2013-1-B	3	7	4	5	0.5714286	0.7142857	0.3544974	0.7954345
2013-1-C	3	7	3	3	0.4285714	0.4285714	0.7777778	0.7772816
2013-1-D	3	7	3	6	0.4285714	0.8571429	0.5767196	0.9075727
2013-1-E	4	7	5	5	0.7142857	0.7142857	0.9327731	1.1296201
2013-1-F	4	7	2	7	0.2857143	1.0	0.8964803	0.7728015
2013-1-G	3	7	1	7	0.1428571	1.0	0.877551	0.9143489
2013-1-H	3	7	2	6	0.2857143	0.8571429	0.7354497	1.1791658
2013-2-A	3	7	3	7	0.4285714	1.0	0.7777778	0.9436271
2013-2-B	3	7	4	5	0.5714286	0.7142857	0.4010989	0.8230851
2013-2-C	3	7	6	7	0.8571429	1.0	0.877551	0.7120003
2013-2-D	3	7	4	6	0.5714286	0.8571429	0.4814815	1.1385501
2013-2-E	4	7	1	2	0.1428571	0.2857143	0.8445378	0.8090203
2013-2-F	4	7	1	3	0.1428571	0.4285714	0.2173913	1.2118006
2013-2-G	3	7	4	7	0.5714286	1.0	0.755102	0.9060837
2013-2-H	3	7	1	4	0.1428571	0.5714286	0.3461538	0.9592387
2013-3-A	3	7	2	2	0.2857143	0.2857143	0.7959184	0.9531867
2013-3-B	3	7	3	4	0.4285714	0.5714286	0.4179894	1.0781571
2013-3-C	3	7	1	2	0.1428571	0.2857143	0.1322751	1.0003857
2013-3-D	3	7	2	6	0.2857143	0.8571429	0.6326531	1.0311506
2013-3-E	4	7	1	5	0.1428571	0.7142857	0.3664596	0.776723
2013-3-F	4	7	1	1	0.1428571	0.1428571	0.4096639	0.9519716
2013-3-G	3	7	1	1	0.1428571	0.1428571	0.4814815	1.1057161
2013-3-H	3	7	7	7	1.0	1.0	1.0	0.8960217
2013-4-A	3	7	3	5	0.4285714	0.7142857	0.3877551	0.7440609
2013-4-B	3	7	3	4	0.4285714	0.5714286	0.0687831	0.6916611
2013-4-C	3	7	1	4	0.1428571	0.5714286	0.39	0.7515416
2013-4-D	3	7	1	1	0.1428571	0.1428571	0.5102041	1.0745728
2013-4-E	4	7	1	3	0.1428571	0.4285714	0.2415966	1.0942294
2013-4-F	4	7	1	6	0.1428571	0.8571429	0.5970149	1.0234519
2013-4-G	3	7	7	7	1.0	1.0	1.0	0.9191884
2013-4-H	3	7	4	7	0.5714286	1.0	0.7989418	1.0542755
2013-5-A	3	7	6	6	0.8571429	0.8571429	0.968254	0.6496675
2013-5-B	3	7	1	1	0.1428571	0.1428571	0.5873016	1.0833333
2013-5-C	3	7	5	7	0.7142857	1.0	0.7959184	1.0386066
2013-5-D	3	7	4	5	0.5714286	0.7142857	0.2275132	0.8586434
2013-5-E	4	7	1	1	0.1428571	0.1428571	0.2037815	1.010363
2013-5-F	4	7	2	4	0.2857143	0.5714286	0.5394456	0.9363419
2013-5-G	3	7	1	1	0.1428571	0.1428571	0.3877551	1.0050029
2013-5-H	3	7	6	7	0.8571429	1.0	0.968254	0.7700509
2013-F-A	3	11	3	9	0.2727273	0.8181818	0.4363636	0.6178592
2014-1-A	4	5	2	3	0.4	0.6	0.712	0.7622694
2014-1-B	3	5	5	5	1.0	1.0	1.0	0.6969054
2014-1-C	3	5	5	5	1.0	1.0	1.0	0.614495
2014-1-D	3	5	5	5	1.0	1.0	1.0	0.7646146
2014-1-E	3	5	3	4	0.6	0.8	0.7684211	0.8392419
2014-1-F	3	5	4	4	0.8	0.8	0.84	0.7654655
2014-1-G	3	5	1	1	0.2	0.2	0.7894737	0.9006653
2014-1-H	3	5	2	4	0.4	0.8	0.4105263	0.9114435
2014-1-I	3	5	5	5	1.0	1.0	1.0	0.5508043
2014-2-A	4	6	4	6	0.6666667	1.0	0.9111111	0.9570789
2014-2-B	3	6	2	3	0.3333333	0.5	0.484127	1.1809601
2014-2-C	3	6	6	6	1.0	1.0	1.0	0.5750362
2014-2-D	3	6	6	6	1.0	1.0	1.0	0.7174027
2014-2-E	3	6	1	1	0.1666667	0.1666667	0.8478261	0.8246211
2014-2-F	3	6	2	2	0.3333333	0.3333333	0.7898551	0.700476
2014-2-G	3	6	6	6	1.0	1.0	1.0	0.6366579
2014-2-H	3	6	6	6	1.0	1.0	1.0	0.9380832
2014-2-I	3	6	1	1	0.1666667	0.1666667	0.7898551	0.7447595
2014-3-A	4	6	3	6	0.5	1.0	0.8196839	1.0469002
2014-3-B	3	6	4	4	0.6666667	0.6666667	0.8478261	0.90185
2014-3-C	3	6	4	4	0.6666667	0.6666667	0.2246377	0.6592925
2014-3-D	3	6	6	6	1.0	1.0	1.0	0.8321658
2014-3-E	3	6	5	6	0.8333333	1.0	0.9637681	0.7711463
2014-3-F	3	6	1	1	0.1666667	0.1666667	0.7898551	0.9266427
2014-3-G	3	6	3	6	0.5	1.0	0.8484848	1.0856642
2014-3-H	3	6	3	3	0.5	0.5	0.7898551	1.0608173
2014-3-I	3	6	2	2	0.3333333	0.3333333	0.442029	1.3466007
2014-4-A	4	6	3	6	0.5	1.0	0.9	0.8988882
2014-4-B	3	6	5	6	0.8333333	1.0	0.8611111	0.742967
2014-4-C	3	6	1	3	0.1666667	0.5	0.3712121	0.7302967
2014-4-D	3	6	1	2	0.1666667	0.3333333	0.6893939	1.1977757
2014-4-E	3	6	5	6	0.8333333	1.0	0.8611111	0.8532292
2014-4-F	3	6	1	6	0.1666667	1.0	0.7898551	0.8902247
2014-4-G	3	6	5	5	0.8333333	0.8333333	0.9637681	1.015874
2014-4-H	3	6	3	6	0.5	1.0	0.8484848	0.6449806
2014-4-I	3	6	4	4	0.6666667	0.6666667	0.5277778	0.788247
2014-5-A	4	6	1	1	0.1666667	0.1666667	0.6149425	1.1322544
2014-5-B	3	6	6	6	1.0	1.0	1.0	0.6044281
2014-5-C	3	6	1	2	0.1666667	0.3333333	0.5277778	1.0198039
2014-5-D	3	6	6	6	1.0	1.0	1.0	0.6552353
2014-5-E	3	6	1	1	0.1666667	0.1666667	0.8043478	0.7745967
2014-5-F	3	6	5	5	0.8333333	0.8333333	0.8611111	0.7321202
2014-5-G	3	6	3	3	0.5	0.5	0.8484848	1.0315038
2014-5-H	3	6	4	6	0.6666667	1.0	0.7777778	0.5537749
2014-5-I	3	5	4	4	0.8	0.8	0.84	0.6322496
2014-F-A	4	11	1	4	0.0909091	0.3636364	0.334537	0.8474594
2015-1-A	3	5	3	3	0.6	0.6	0.8315789	0.7342088
2015-1-B	3	5	4	5	0.8	1.0	0.84	1.0244409
2015-1-C	3	5	1	2	0.2	0.4	0.6421053	0.9908435
2015-1-D	3	5	2	2	0.4	0.4	0.2631579	0.9326262
2015-1-E	3	5	4	4	0.8	0.8	0.9578947	0.5514404
2015-1-F	3	5	1	2	0.2	0.4	0.0444444	1.0187053
2015-1-G	3	5	1	1	0.2	0.2	0.0947368	1.0758959
2015-1-H	3	5	2	2	0.4	0.4	0.76	0.9934683
2015-1-I	3	5	2	2	0.4	0.4	0.9333333	0.8912187
2015-2-A	3	6	1	1	0.1666667	0.1666667	0.5277778	0.995992
2015-2-B	3	6	1	1	0.1666667	0.1666667	0.5434783	0.9223159
2015-2-C	3	6	3	3	0.5	0.5	0.3939394	0.8294577
2015-2-D	3	6	3	3	0.5	0.5	0.7898551	0.8929352
2015-2-E	3	6	3	3	0.5	0.5	0.75	0.7266361
2015-2-F	3	6	2	2	0.3333333	0.3333333	0.0833333	0.9352362
2015-2-G	3	6	6	6	1.0	1.0	1.0	0.7465476
2015-2-H	3	6	5	6	0.8333333	1.0	0.8611111	0.7284687
2015-2-I	3	6	1	1	0.1666667	0.1666667	0.0833333	0.9493858
2015-3-A	3	6	6	6	1.0	1.0	1.0	0.8884443
2015-3-B	3	6	4	5	0.6666667	0.8333333	0.9166667	0.7728734
2015-3-C	3	6	5	6	0.8333333	1.0	0.8611111	0.9797959
2015-3-D	3	6	1	3	0.1666667	0.5	0.2954545	0.9879271
2015-3-E	3	6	6	6	1.0	1.0	1.0	0.6928203
2015-3-F	3	6	3	3	0.5	0.5	0.75	1.0583005
2015-3-G	3	6	3	4	0.5	0.6666667	0.6594203	0.9237604
2015-3-H	3	6	1	1	0.1666667	0.1666667	0.3333333	1.0211105
2015-3-I	3	6	5	6	0.8333333	1.0	0.8611111	0.6792152
2015-4-A	3	6	4	6	0.6666667	1.0	0.7777778	0.7375636
2015-4-B	3	6	1	4	0.1666667	0.6666667	0.2936508	1.4805404
2015-4-C	3	6	4	5	0.6666667	0.8333333	0.4444444	1.0708252
2015-4-D	3	6	4	5	0.6666667	0.8333333	0.6944444	0.5819507
2015-4-E	3	6	5	5	0.8333333	0.8333333	0.8611111	0.870249
2015-4-F	3	6	1	3	0.1666667	0.5	0.3888889	0.7411703
2015-4-G	3	6	1	3	0.1666667	0.5	0.5277778	1.0519823
2015-4-H	3	6	1	3	0.1666667	0.5	0.6594203	1.0954451
2015-4-I	3	6	1	1	0.1666667	0.1666667	0.3611111	0.9409215
2015-5-A	3	6	4	4	0.6666667	0.6666667	0.5869565	0.7518865
2015-5-B	3	6	1	3	0.1666667	0.5	0.0507246	0.9395034
2015-5-C	3	6	1	1	0.1666667	0.1666667	0.6269841	0.8374565
2015-5-D	3	6	1	1	0.1666667	0.1666667	0.25	1.1477514
2015-5-E	3	6	6	6	1.0	1.0	1.0	0.9352362
2015-5-F	3	6	1	3	0.1666667	0.5	0.0507246	1.3574486
2015-5-G	3	6	1	3	0.1666667	0.5	0.4130435	0.8988882
2015-5-H	3	6	6	6	1.0	1.0	1.0	0.8687155
2015-5-I	3	6	1	5	0.1666667	0.8333333	0.5277778	1.1183321
2015-F-A	3	11	7	8	0.6363636	0.7272727	0.8073593	0.825732
2016-1-A	3	5	4	4	0.8	0.8	0.84	0.8291562
2016-1-B	3	5	5	5	1.0	1.0	1.0	0.8020157
2016-1-C	3	5	4	4	0.8	0.8	0.84	0.7006321
2016-1-D	3	5	4	4	0.8	0.8	0.52	0.9164299
2016-1-E	3	5	1	5	0.2	1.0	0.9578947	0.6038074
2016-1-F	3	5	4	5	0.8	1.0	0.84	0.7905694
2016-1-G	3	5	2	3	0.4	0.6	0.6	0.554339
2016-1-H	4	5	1	4	0.2	0.8	0.5619565	0.8535313
2016-1-I	4	5	1	4	0.2	0.8	0.6958333	0.9960861
2016-2-A	3	6	3	3	0.5	0.5	0.1944444	0.814862
2016-2-B	3	6	4	5	0.6666667	0.8333333	0.6944444	0.9619425
2016-2-C	3	6	1	6	0.1666667	1.0	0.9637681	0.667333
2016-2-D	3	6	3	6	0.5	1.0	0.7898551	1.2350439
2016-2-E	3	6	1	1	0.1666667	0.1666667	0.7898551	0.9423375
2016-2-F	3	6	2	3	0.3333333	0.5	0.1944444	1.1075499
2016-2-G	3	6	1	1	0.1666667	0.1666667	0.0217391	1.0066446
2016-2-H	4	6	3	3	0.5	0.5	0.8615819	0.697137
2016-2-I	4	6	2	2	0.3333333	0.3333333	0.8954802	0.980816
2016-3-A	3	6	1	1	0.1666667	0.1666667	0.6944444	1.0184956
2016-3-B	3	6	6	6	1.0	1.0	1.0	0.8230026
2016-3-C	3	6	3	5	0.5	0.8333333	0.5833333	1.3276546
2016-3-D	3	6	2	4	0.3333333	0.6666667	0.280303	0.9825138
2016-3-E	3	6	4	5	0.6666667	0.8333333	0.9166667	0.7848567
2016-3-F	3	6	3	4	0.5	0.6666667	0.5530303	0.8326664
2016-3-G	3	6	2	6	0.3333333	1.0	0.8484848	0.9660918
2016-3-H	4	5	3	5	0.6	1.0	0.8612245	1.0019512
2016-3-I	4	6	1	3	0.1666667	0.5	0.2111111	0.9838699
2016-4-A	3	6	2	4	0.3333333	0.6666667	0.4318182	0.8656404
2016-4-B	3	6	5	6	0.8333333	1.0	0.8611111	0.814862
2016-4-C	3	6	2	2	0.3333333	0.3333333	0.6363636	1.1075498
2016-4-D	3	6	1	4	0.1666667	0.6666667	0.4565217	1.0430724
2016-4-E	3	6	3	4	0.5	0.6666667	0.4109848	1.1477514
2016-4-F	3	6	3	3	0.5	0.5	0.75	0.8959167
2016-4-G	3	6	2	6	0.3333333	1.0	0.7777778	0.9237604
2016-4-H	4	6	1	6	0.1666667	1.0	0.8333333	0.6164414
2016-4-I	4	5	2	4	0.4	0.8	0.776	0.8320954
2016-5-A	3	6	4	4	0.6666667	0.6666667	0.673913	1.5577762
2016-5-B	3	6	4	4	0.6666667	0.6666667	0.7777778	1.1465891
2016-5-C	3	6	1	1	0.1666667	0.1666667	0.675	1.003992
2016-5-D	3	6	1	5	0.1666667	0.8333333	0.9166667	0.9323805
2016-5-E	3	6	5	6	0.8333333	1.0	0.9637681	0.6889606
2016-5-F	3	6	1	2	0.1666667	0.3333333	0.2681159	1.183216
2016-5-G	3	6	2	5	0.3333333	0.8333333	0.5833333	1.4028542
2016-5-H	4	6	1	1	0.1666667	0.1666667	0.2873563	1.3446189
2016-5-I	4	6	1	6	0.1666667	1.0	0.8333333	0.7962412
2016-F-A	4	10	1	10	0.1	1.0	0.9806122	0.6871843
2017-1-A	3	5	2	2	0.4	0.4	0.2	0.8667768
2017-1-B	3	5	3	4	0.6	0.8	0.64	0.9526553
2017-1-C	3	5	3	4	0.6	0.8	0.64	0.7938566
2017-1-D	3	5	4	5	0.8	1.0	0.9578947	0.6485159
2017-1-E	3	5	3	3	0.6	0.6	0.3894737	0.728869
2017-1-F	3	5	5	5	1.0	1.0	1.0	0.6808389
2017-1-G	3	5	1	5	0.2	1.0	0.84	0.8955911
2017-1-H	3	5	5	5	1.0	1.0	1.0	0.6760409
2017-1-I	3	5	3	4	0.6	0.8	0.64	1.168711
2017-1-J	3	5	3	3	0.6	0.6	0.8315789	1.0649482
2017-2-A	3	5	1	2	0.2	0.4	0.2333333	1.0257111
2017-2-B	3	5	3	3	0.6	0.6	0.76	1.1462121
2017-2-C	3	5	2	5	0.4	1.0	0.76	0.9822646
2017-2-D	3	5	5	5	1.0	1.0	1.0	0.8984941
2017-2-E	3	5	4	4	0.8	0.8	0.84	0.9742786
2017-2-F	3	5	3	3	0.6	0.6	0.76	0.8508574
2017-2-G	3	5	4	5	0.8	1.0	0.84	0.7377471
2017-2-H	3	5	4	5	0.8	1.0	0.9578947	0.7508675
2017-2-I	3	5	3	3	0.6	0.6	0.76	0.7297617
2017-2-J	3	5	4	5	0.8	1.0	0.9578947	0.9829272
2017-3-A	3	5	1	2	0.2	0.4	0.2210526	0.679882
2017-3-B	3	5	3	5	0.6	1.0	0.76	0.7456471
2017-3-C	3	5	1	2	0.2	0.4	0.6421053	0.8912187
2017-3-D	3	5	2	4	0.4	0.8	0.52	1.0649482
2017-3-E	3	5	3	4	0.6	0.8	0.7684211	0.933324
2017-3-F	3	5	5	5	1.0	1.0	1.0	0.9675732
2017-3-G	3	5	3	4	0.6	0.8	0.7684211	0.9816016
2017-3-H	3	5	5	5	1.0	1.0	1.0	0.9409658
2017-3-I	3	5	1	1	0.2	0.2	0.8444444	0.6731456
2017-3-J	3	5	4	4	0.8	0.8	0.84	0.9934683
2017-4-A	3	5	2	2	0.4	0.4	0.76	0.778955
2017-4-B	3	5	1	4	0.2	0.8	0.7684211	0.6016471
2017-4-C	3	5	3	4	0.6	0.8	0.6421053	0.9882118
2017-4-D	3	5	5	5	1.0	1.0	1.0	1.2059963
2017-4-E	3	5	1	1	0.2	0.2	0.16	1.1450755
2017-4-F	3	5	3	3	0.6	0.6	0.8315789	0.8493257
2017-4-G	3	5	1	2	0.2	0.4	0.48	0.497389
2017-4-H	3	5	5	5	1.0	1.0	1.0	0.788095
2017-4-I	3	5	1	2	0.2	0.4	0.04	0.9921567
2017-4-J	3	5	2	3	0.4	0.6	0.6	0.9897309
2017-5-A	3	5	3	3	0.6	0.6	0.76	0.7603453
2017-5-B	3	5	4	4	0.8	0.8	0.84	0.8645206
2017-5-C	3	5	3	3	0.6	0.6	0.76	0.7938566
2017-5-D	3	5	1	1	0.2	0.2	0.9578947	0.8377487
2017-5-E	3	5	1	5	0.2	1.0	0.84	0.5103104
2017-5-F	3	5	5	5	1.0	1.0	1.0	0.9305296
2017-5-G	3	5	1	1	0.2	0.2	0.64	0.861503
2017-5-H	3	5	1	1	0.2	0.2	0.84	1.5275252
2017-5-I	3	5	3	5	0.6	1.0	0.76	1.0495535
2017-5-J	3	5	5	5	1.0	1.0	1.0	0.8912187
2017-F-A	4	11	2	11	0.1818182	1.0	0.7451147	0.8436157
2018-1-A	4	5	1	1	0.2	0.2	0.84	0.7022564
2018-1-B	4	5	1	1	0.2	0.2	0.712	0.7692834
2018-1-C	3	5	3	4	0.6	0.8	0.7684211	0.9100137
2018-1-D	3	5	1	3	0.2	0.6	0.16	0.8824091
2018-1-E	3	5	3	4	0.6	0.8	0.64	0.8400769
2018-1-F	3	5	3	4	0.6	0.8	0.64	1.1233963
2018-1-G	3	5	2	5	0.4	1.0	0.76	0.6779642
2018-1-H	3	5	3	5	0.6	1.0	0.8315789	0.8149003
2018-1-I	3	5	5	5	1.0	1.0	1.0	0.8164966
2018-1-J	3	5	3	5	0.6	1.0	0.8315789	0.933324
2018-2-A	4	5	1	2	0.2	0.4	0.7306122	0.7139787
2018-2-B	4	5	1	3	0.2	0.6	0.7797872	0.6131693
2018-2-C	3	5	1	1	0.2	0.2	0.12	0.9736101
2018-2-D	3	5	5	5	1.0	1.0	1.0	0.9444189
2018-2-E	3	5	4	5	0.8	1.0	0.84	0.6187184
2018-2-F	3	5	4	4	0.8	0.8	0.9578947	0.7551904
2018-2-G	3	5	3	3	0.6	0.6	0.6421053	0.8846197
2018-2-H	3	5	1	2	0.2	0.4	0.6421053	0.8377487
2018-2-I	3	5	2	2	0.4	0.4	0.7894737	0.7713962
2018-2-J	3	5	2	5	0.4	1.0	0.76	1.0569709
2018-3-A	4	5	4	5	0.8	1.0	0.936	0.9483744
2018-3-B	4	5	1	3	0.2	0.6	0.6541667	0.984251
2018-3-C	3	5	2	2	0.4	0.4	0.5777778	1.0161457
2018-3-D	3	5	1	1	0.2	0.2	0.8315789	1.0752907
2018-3-E	3	5	1	1	0.2	0.2	0.0736842	0.7088045
2018-3-F	3	5	1	3	0.2	0.6	0.1368421	1.0135797
2018-3-G	3	5	4	4	0.8	0.8	0.84	1.0569709
2018-3-H	3	5	3	3	0.6	0.6	0.8315789	0.5266344
2018-3-I	3	5	1	1	0.2	0.2	0.28	1.0339296
2018-3-J	3	5	2	3	0.4	0.6	0.52	0.802827
2018-4-A	4	5	1	2	0.2	0.4	0.3489362	0.7856128
2018-4-B	4	5	1	1	0.2	0.2	0.8041667	0.7241644
2018-4-C	3	5	2	5	0.4	1.0	0.8444444	0.8926786
2018-4-D	3	5	5	5	1.0	1.0	1.0	0.5648101
2018-4-E	3	5	2	2	0.4	0.4	0.7894737	0.833854
2018-4-F	3	5	1	1	0.2	0.2	0.52	0.8108959
2018-4-G	3	5	2	3	0.4	0.6	0.28	1.3881943
2018-4-H	3	5	2	2	0.4	0.4	0.76	0.836193
2018-4-I	3	5	1	1	0.2	0.2	0.8315789	0.7646145
2018-4-J	3	5	4	4	0.8	0.8	0.7052632	0.8893061
2018-5-A	4	5	2	4	0.4	0.8	0.477551	1.1503226
2018-5-B	4	5	2	5	0.4	1.0	0.904	1.0355026
2018-5-C	3	5	1	1	0.2	0.2	0.8315789	0.8801929
2018-5-D	3	5	3	5	0.6	1.0	0.76	0.8779711
2018-5-E	3	5	1	2	0.2	0.4	0.2	0.9001488
2018-5-F	3	5	2	2	0.4	0.4	0.0333333	0.8860904
2018-5-G	3	5	4	5	0.8	1.0	0.9578947	0.8875587
2018-5-H	3	5	4	4	0.8	0.8	0.84	1.0
2018-5-I	3	5	2	4	0.4	0.8	0.6631579	0.8315084
2018-5-J	3	5	1	1	0.2	0.2	0.1368421	1.1620071
2018-F-A	4	11	7	11	0.6363636	1.0	0.9250842	0.672867
2019-1-A	4	5	1	1	0.2	0.2	0.808	0.6994697
2019-1-B	3	5	1	1	0.2	0.2	0.5157895	0.7856128
2019-1-C	3	5	4	5	0.8	1.0	0.84	0.9028312
2019-1-D	3	5	3	5	0.6	1.0	0.76	0.8149003
2019-1-E	3	5	2	2	0.4	0.4	0.9333333	0.7225894
2019-1-F	3	5	3	3	0.6	0.6	0.76	0.679882
2019-1-G	3	5	4	4	0.8	0.8	0.84	0.4145781
2019-1-H	3	5	3	3	0.6	0.6	0.76	0.9941234
2019-1-I	3	5	4	4	0.8	0.8	0.84	0.8690272
2019-1-J	3	5	3	4	0.6	0.8	0.64	1.0339296
2019-1-K	3	5	4	4	0.8	0.8	0.84	0.4082483
2019-2-A	4	5	1	2	0.2	0.4	0.6408163	0.8855392
2019-2-B	3	5	2	2	0.4	0.4	0.76	1.0212584
2019-2-C	3	5	3	4	0.6	0.8	0.7684211	1.0332997
2019-2-D	3	5	1	1	0.2	0.2	0.4526316	0.9159379
2019-2-E	3	5	4	5	0.8	1.0	0.84	0.590727
2019-2-F	3	5	3	5	0.6	1.0	0.76	0.8393015
2019-2-G	3	5	4	4	0.8	0.8	0.84	0.8244316
2019-2-H	3	5	2	4	0.4	0.8	0.5157895	0.9013878
2019-2-I	3	5	3	3	0.6	0.6	0.48	0.847023
2019-2-J	3	5	5	5	1.0	1.0	1.0	0.9093531
2019-2-K	3	5	3	4	0.6	0.8	0.4605263	0.9471723
2019-3-A	4	5	3	4	0.6	0.8	0.9666667	0.833854
2019-3-B	3	5	2	5	0.4	1.0	0.7894737	0.6922186
2019-3-C	3	5	2	5	0.4	1.0	0.76	0.7979466
2019-3-D	3	5	4	5	0.8	1.0	0.9578947	0.8125
2019-3-E	3	5	1	1	0.2	0.2	0.5157895	0.9655525
2019-3-F	3	5	3	3	0.6	0.6	0.76	0.860747
2019-3-G	3	5	2	5	0.4	1.0	0.76	1.3467747
2019-3-H	3	5	5	5	1.0	1.0	1.0	0.7279752
2019-3-I	3	5	5	5	1.0	1.0	1.0	0.9464847
2019-3-J	3	5	5	5	1.0	1.0	1.0	0.8408515
2019-3-K	3	5	2	2	0.4	0.4	0.52	0.7089458
2019-4-A	4	5	1	5	0.2	1.0	0.856	0.8932254
2019-4-B	3	5	5	5	1.0	1.0	1.0	0.8236415
2019-4-C	3	5	2	2	0.4	0.4	0.0777778	0.8970438
2019-4-D	3	5	2	2	0.4	0.4	0.7894737	1.1116101
2019-4-E	3	5	1	1	0.2	0.2	0.1882353	0.4894725
2019-4-F	3	5	3	3	0.6	0.6	0.6421053	0.7814583
2019-4-G	3	5	4	4	0.8	0.8	0.9578947	0.7856128
2019-4-H	3	5	2	2	0.4	0.4	0.76	1.1157023
2019-4-I	3	5	2	5	0.4	1.0	0.7894737	0.8275843
2019-4-J	3	5	5	5	1.0	1.0	1.0	0.6458075
2019-4-K	3	5	5	5	1.0	1.0	1.0	0.8712718
2019-5-A	4	5	3	4	0.6	0.8	0.856	0.6903351
2019-5-B	3	5	5	5	1.0	1.0	1.0	0.6653633
2019-5-C	3	5	4	4	0.8	0.8	0.9578947	1.0358169
2019-5-D	3	5	3	5	0.6	1.0	0.76	1.0314078
2019-5-E	3	5	3	3	0.6	0.6	0.76	0.6997023
2019-5-F	3	5	4	4	0.8	0.8	0.9578947	1.0673907
2019-5-G	3	5	5	5	1.0	1.0	1.0	0.7447735
2019-5-H	3	5	2	3	0.4	0.6	0.52	0.7096519
2019-5-I	3	5	4	4	0.8	0.8	0.84	1.040833
2019-5-J	3	5	5	5	1.0	1.0	1.0	0.9695897
2019-5-K	3	5	3	5	0.6	1.0	0.76	0.9756141
2019-F-A	4	10	2	5	0.2	0.5	0.3114583	0.7960809
2020-1-A	3	5	2	2	0.4	0.4	0.2470588	0.6113084
2020-1-B	3	5	4	4	0.8	0.8	0.9578947	0.8133009
2020-1-C	2	5	1	1	0.2	0.2	0.36	0.8716454
2020-1-D	3	6	2	6	0.3333333	1.0	0.7777778	0.8262364
2020-2-A	3	5	3	4	0.6	0.8	0.7684211	0.6515207
2020-2-B	3	5	1	1	0.2	0.2	0.84	0.8546746
2020-2-C	3	6	2	2	0.3333333	0.3333333	0.7777778	0.5267827
2020-2-D	2	5	4	4	0.8	0.8	0.2	0.997066
2020-3-A	2	5	4	4	0.8	0.8	0.8	0.751301
2020-3-B	3	5	5	5	1.0	1.0	1.0	0.9702609
2020-3-C	3	5	5	5	1.0	1.0	1.0	0.613353
2020-3-D	3	6	4	4	0.6666667	0.6666667	0.7777778	0.8390471
2020-4-A	2	5	5	5	1.0	1.0	1.0	0.9238591
2020-4-B	3	5	1	4	0.2	0.8	0.28	0.998045
2020-4-C	3	5	3	5	0.6	1.0	0.8315789	0.7705518
2020-4-D	3	5	4	4	0.8	0.8	0.84	1.2043757
2020-5-A	3	5	3	5	0.6	1.0	0.76	1.1524431
2020-5-B	3	5	4	4	0.8	0.8	0.84	0.8853554
2020-5-C	3	5	3	3	0.6	0.6	0.8315789	1.0968705
2020-5-D	2	5	4	4	0.8	0.8	0.36	0.6987712
2020-F-A	3	9	1	3	0.1111111	0.3333333	0.4215686	0.8466386
2021-1-A	3	4	3	3	0.75	0.75	0.95	0.9718253
2021-1-B	3	4	2	2	0.5	0.5	0.75	1.1837375
2021-1-C	3	4	1	4	0.25	1.0	0.8166667	1.2347839
2021-1-D	3	4	3	3	0.75	0.75	0.8125	0.8240221
2021-1-E	3	4	1	1	0.25	0.25	0.4166667	0.9395297
2021-2-A	3	5	2	2	0.4	0.4	0.76	1.0276135
2021-2-B	3	5	3	4	0.6	0.8	0.7684211	1.0583914
2021-2-C	3	5	3	3	0.6	0.6	0.76	0.8809323
2021-2-D	3	5	1	1	0.2	0.2	0.6	0.8408515
2021-2-E	3	5	2	3	0.4	0.6	0.2210526	0.8630131
2021-3-A	3	5	4	4	0.8	0.8	0.9578947	0.7080269
2021-3-B	3	5	1	2	0.2	0.4	0.0105263	0.7680129
2021-3-C	3	5	1	2	0.2	0.4	0.04	0.9409658
2021-3-D	3	5	4	4	0.8	0.8	0.84	0.8236416
2021-3-E	3	5	5	5	1.0	1.0	1.0	0.6485159
2021-4-A	3	5	4	5	0.8	1.0	0.84	0.5821875
2021-4-B	3	5	1	4	0.2	0.8	0.7684211	0.7346179
2021-4-C	3	5	1	2	0.2	0.4	0.1368421	0.6281172
2021-4-D	3	5	1	1	0.2	0.2	0.0111111	0.6884463
2021-4-E	3	5	4	4	0.8	0.8	0.84	0.6545116
2021-5-A	3	5	1	2	0.2	0.4	0.6421053	1.1951508
2021-5-B	3	5	4	4	0.8	0.8	0.9578947	0.9533384
2021-5-C	3	5	4	4	0.8	0.8	0.9578947	0.7438988
2021-5-D	3	5	3	3	0.6	0.6	0.8315789	1.0295124
2021-5-E	3	5	2	2	0.4	0.4	0.76	0.7688601
2021-F-A	3	7	3	5	0.4285714	0.7142857	0.3862434	0.9481138
2022-1-A	4	5	1	5	0.2	1.0	0.664	0.9158969
2022-1-B	3	5	1	2	0.2	0.4	0.1444444	1.0218957
2022-1-C	3	5	5	5	1.0	1.0	1.0	0.833854
2022-1-D	3	5	5	5	1.0	1.0	1.0	0.6721777
2022-1-E	3	5	1	2	0.2	0.4	0.5058824	1.2326927
2022-1-F	3	5	1	4	0.2	0.8	0.64	0.7905694
2022-1-G	3	5	5	5	1.0	1.0	1.0	1.0269798
2022-1-H	3	5	3	3	0.6	0.6	0.8315789	0.9430392
2022-2-A	4	5	4	5	0.8	1.0	0.936	0.7126096
2022-2-B	3	5	5	5	1.0	1.0	1.0	0.9298297
2022-2-C	3	5	1	1	0.2	0.2	0.3911765	0.7646146
2022-2-D	3	5	2	2	0.4	0.4	0.5333333	1.8121408
2022-2-E	3	5	4	5	0.8	1.0	0.84	0.8824091
2022-2-F	3	5	1	5	0.2	1.0	0.9578947	0.8787124
2022-2-G	3	5	2	2	0.4	0.4	0.6631579	0.9540211
2022-2-H	3	5	3	3	0.6	0.6	0.76	1.1393758
2022-3-A	4	5	1	1	0.2	0.2	0.3572917	0.9233304
2022-3-B	3	5	1	1	0.2	0.2	0.3263158	1.1792476
2022-3-C	3	5	5	5	1.0	1.0	1.0	1.0710441
2022-3-D	3	5	5	5	1.0	1.0	1.0	0.5204165
2022-3-E	3	5	2	2	0.4	0.4	0.5157895	1.1858541
2022-3-F	3	5	1	1	0.2	0.2	0.84	0.6312191
2022-3-G	3	5	3	4	0.6	0.8	0.4605263	1.5662455
2022-3-H	3	5	1	1	0.2	0.2	0.2842105	1.0532687
2022-4-A	4	5	5	5	1.0	1.0	1.0	1.0574328
2022-4-B	3	5	1	5	0.2	1.0	0.84	0.7252873
2022-4-C	3	5	4	4	0.8	0.8	0.9578947	0.737068
2022-4-D	3	5	5	5	1.0	1.0	1.0	0.7198813
2022-4-E	3	5	2	3	0.4	0.6	0.4333333	0.9402737
2022-4-F	3	5	5	5	1.0	1.0	1.0	0.7080269
2022-4-G	3	5	1	1	0.2	0.2	0.52	0.9430392
2022-4-H	3	5	2	5	0.4	1.0	0.7894737	0.9973924
2022-5-A	4	5	1	1	0.2	0.2	0.8122449	0.9852427
2022-5-B	3	5	4	4	0.8	0.8	0.9578947	0.832291
2022-5-C	3	5	4	5	0.8	1.0	0.84	1.0789173
2022-5-D	3	5	1	1	0.2	0.2	0.12	1.3621559
2022-5-E	3	5	1	1	0.2	0.2	0.04	0.8948638
2022-5-F	3	5	4	5	0.8	1.0	0.9578947	0.881671
2022-5-G	3	5	3	5	0.6	1.0	0.8315789	0.7713962
2022-5-H	3	5	2	2	0.4	0.4	0.9333333	0.8267973
2022-F-A	3	9	1	1	0.1111111	0.1111111	0.6049383	0.8205729
