fight	teams	N	N_order	N_winner	frac_order	frac_winner	W	rho
2012-1-307	2	2	2	2	1.0	1.0	1.0	0.0
2012-1-309	2	3	3	3	1.0	1.0	1.0	0.41833
2012-1-316	2	3	3	3	1.0	1.0	1.0	0.5448624
2012-1-318	2	2	1	1	0.5	0.5	0.0	0.0
2012-1-429	3	3	0	1	0.0	0.3333333	0.0333333	1.3540064
2012-2-307	2	3	2	2	0.6666667	0.6666667	0.1111111	0.6614378
2012-2-309	2	3	3	3	1.0	1.0	1.0	0.2795085
2012-2-316	2	3	3	3	1.0	1.0	1.0	1.4252193
2012-2-318	2	2	2	2	1.0	1.0	1.0	0.0
2012-2-429	3	3	2	2	0.6666667	0.6666667	0.9393939	0.6789238
2012-3-307	2	3	2	2	0.6666667	0.6666667	0.1111111	1.4895469
2012-3-309	2	3	1	1	0.3333333	0.3333333	0.0	1.3520817
2012-3-316	2	3	2	2	0.6666667	0.6666667	0.6666667	0.4677072
2012-3-318	2	3	3	3	1.0	1.0	1.0	0.6614378
2012-3-429	3	2	0	1	0.0	0.5	0.75	0.0
2012-4-307	2	2	1	1	0.5	0.5	0.0	0.0
2012-4-309	2	3	1	1	0.3333333	0.3333333	0.0	0.25
2012-4-316	2	3	1	1	0.3333333	0.3333333	0.1111111	0.7705518
2012-4-318	2	3	2	2	0.6666667	0.6666667	0.6666667	0.41833
2012-4-429	3	3	1	2	0.3333333	0.6666667	0.0909091	0.6692658
2012-final	3	5	4	5	0.8	1.0	0.84	1.4541607
2013-1-307a	2	3	1	1	0.3333333	0.3333333	0.1111111	2.3351927
2013-1-309	2	2	2	2	1.0	1.0	1.0	0.0
2013-1-316	2	2	1	1	0.5	0.5	0.0	0.0
2013-1-318	2	2	2	2	1.0	1.0	1.0	0.0
2013-1-321	2	2	1	1	0.5	0.5	0.5	0.0
2013-1-321a	2	2	1	1	0.5	0.5	0.5	0.0
2013-1-322	2	2	2	2	1.0	1.0	1.0	0.0
2013-1-405	2	2	2	2	1.0	1.0	1.0	0.0
2013-1-413	2	2	2	2	1.0	1.0	1.0	0.0
2013-2-307a	2	2	1	1	0.5	0.5	0.5	0.0
2013-2-309	2	2	2	2	1.0	1.0	1.0	0.0
2013-2-316	2	2	1	1	0.5	0.5	0.0	0.0
2013-2-318	2	3	2	2	0.6666667	0.6666667	0.6666667	0.6892024
2013-2-321	2	2	2	2	1.0	1.0	1.0	0.0
2013-2-321a	2	2	2	2	1.0	1.0	1.0	0.0
2013-2-322	2	2	2	2	1.0	1.0	1.0	0.0
2013-2-405	2	2	2	2	1.0	1.0	1.0	0.0
2013-2-413	2	2	1	1	0.5	0.5	0.5	0.0
2013-3-307a	2	2	2	2	1.0	1.0	1.0	0.0
2013-3-309	2	2	2	2	1.0	1.0	1.0	0.0
2013-3-316	2	2	2	2	1.0	1.0	1.0	0.0
2013-3-318	2	2	2	2	1.0	1.0	1.0	0.0
2013-3-321	2	2	2	2	1.0	1.0	1.0	0.0
2013-3-321a	2	2	2	2	1.0	1.0	1.0	0.0
2013-3-322	2	2	2	2	1.0	1.0	1.0	0.0
2013-3-405	2	2	1	1	0.5	0.5	0.0	0.0
2013-3-413	2	2	2	2	1.0	1.0	1.0	0.0
2013-4-307a	2	2	2	2	1.0	1.0	1.0	0.0
2013-4-309	2	2	0	0	0.0	0.0	0.0	0.0
2013-4-316	2	2	2	2	1.0	1.0	1.0	0.0
2013-4-318	2	2	1	1	0.5	0.5	0.0	0.0
2013-4-321	2	2	1	1	0.5	0.5	0.5	0.0
2013-4-321a	2	2	2	2	1.0	1.0	1.0	0.0
2013-4-322	2	2	1	1	0.5	0.5	0.0	0.0
2013-4-405	2	2	2	2	1.0	1.0	1.0	0.0
2013-4-413	2	2	2	2	1.0	1.0	1.0	0.0
2013-final	3	5	2	3	0.4	0.6	0.3263158	0.832291
2014-1-307a	3	6	5	6	0.8333333	1.0	0.9637681	0.9366607
2014-1-309	3	6	3	5	0.5	0.8333333	0.5833333	0.8563488
2014-1-315	4	6	1	4	0.1666667	0.6666667	0.8735632	1.2066483
2014-1-316	3	6	3	4	0.5	0.6666667	0.4130435	0.972968
2014-1-318	3	5	2	5	0.4	1.0	0.8444444	0.9423486
2014-1-434	3	5	4	5	0.8	1.0	0.84	1.0526504
2014-1-437	3	6	4	4	0.6666667	0.6666667	0.7777778	0.7728734
2014-2-307a	3	6	4	6	0.6666667	1.0	0.8478261	1.0379467
2014-2-309	3	6	4	5	0.6666667	0.8333333	0.7348485	1.0745542
2014-2-315	3	6	5	6	0.8333333	1.0	0.8611111	0.6131884
2014-2-318	3	6	3	5	0.5	0.8333333	0.7028986	0.9715966
2014-2-434	3	5	5	5	1.0	1.0	1.0	1.1069148
2014-2-437	3	5	0	5	0.0	1.0	0.76	1.2426869
2014-2-438	4	5	0	1	0.0	0.2	0.634375	1.1193434
2014-3-307a	3	5	1	4	0.2	0.8	0.7411765	0.9326262
2014-3-309	3	6	3	6	0.5	1.0	0.75	0.9237604
2014-3-315	3	5	5	5	1.0	1.0	1.0	0.7930361
2014-3-318	3	5	1	5	0.2	1.0	0.8444444	0.955385
2014-3-434	3	6	3	4	0.5	0.6666667	0.3611111	1.2511328
2014-3-437	3	5	1	1	0.2	0.2	0.8315789	1.0873324
2014-3-438	3	6	3	3	0.5	0.5	0.75	1.3554827
2014-4-307a	3	5	4	5	0.8	1.0	0.84	1.080726
2014-4-309	3	5	3	3	0.6	0.6	0.8315789	1.0116509
2014-4-315	3	5	4	4	0.8	0.8	0.84	0.8369712
2014-4-316	3	5	1	2	0.2	0.4	0.2210526	1.0661701
2014-4-318	3	5	3	3	0.6	0.6	0.8315789	1.9331268
2014-4-434	3	5	3	3	0.6	0.6	0.3894737	1.0538867
2014-4-438	3	4	3	3	0.75	0.75	0.95	0.5555556
2014-final	3	9	2	4	0.2222222	0.4444444	0.1944444	0.9606516
2015-1-307	3	7	3	6	0.4285714	0.8571429	0.6825397	1.0361893
2015-1-309	3	8	6	6	0.75	0.75	0.8125	0.6865358
2015-1-313	4	7	3	6	0.4285714	0.8571429	0.8272921	1.0393029
2015-1-315	4	7	0	6	0.0	0.8571429	0.6481876	1.0547786
2015-1-316	3	7	5	5	0.7142857	0.7142857	0.8624339	0.9409658
2015-1-318	3	7	7	7	1.0	1.0	1.0	0.8823545
2015-2-307	3	7	7	7	1.0	1.0	1.0	0.728869
2015-2-309	3	8	7	7	0.875	0.875	0.890625	0.9504232
2015-2-313	4	7	3	5	0.4285714	0.7142857	0.863354	0.7960406
2015-2-315	4	7	4	7	0.5714286	1.0	0.9020408	0.809914
2015-2-316	3	8	7	7	0.875	0.875	0.890625	0.8497413
2015-2-318	3	7	5	5	0.7142857	0.7142857	0.7959184	1.0544585
2015-3-307	3	6	4	6	0.6666667	1.0	0.7777778	0.8278486
2015-3-309	3	6	5	5	0.8333333	0.8333333	0.9637681	0.9535897
2015-3-313	4	6	2	5	0.3333333	0.8333333	0.8107345	0.7912016
2015-3-315	4	6	5	6	0.8333333	1.0	0.9858757	0.9767292
2015-3-316	3	7	5	7	0.7142857	1.0	0.8624339	1.1230264
2015-3-318	3	7	5	7	0.7142857	1.0	0.7959184	0.8468806
2015-4-307	3	7	2	5	0.2857143	0.7142857	0.4814815	0.7214205
2015-4-309	3	7	7	7	1.0	1.0	1.0	1.0824427
2015-4-313	4	7	3	7	0.4285714	1.0	0.8757764	0.8088415
2015-4-315	4	6	1	2	0.1666667	0.3333333	0.8222222	0.7758252
2015-4-316	3	6	6	6	1.0	1.0	1.0	0.7536577
2015-4-318	3	5	5	5	1.0	1.0	1.0	0.9567469
2015-final	3	10	4	8	0.4	0.8	0.4179487	0.5250906
2016-1-1247	3	6	1	4	0.1666667	0.6666667	0.280303	0.7711463
2016-1-1276	3	6	2	2	0.3333333	0.3333333	0.3636364	0.9208692
2016-1-1281	3	7	5	6	0.7142857	0.8571429	0.8306878	0.8810418
2016-1-4205	4	7	2	4	0.2857143	0.5714286	0.8219462	0.8685277
2016-1-4268	3	6	4	6	0.6666667	1.0	0.8478261	0.8082904
2016-1-5239	4	5	2	4	0.4	0.8	0.8	1.0288799
2016-1-5272	3	6	3	3	0.5	0.5	0.1376812	0.9743374
2016-2-1247	3	5	1	3	0.2	0.6	0.3111111	0.6893913
2016-2-1276	3	5	1	4	0.2	0.8	0.5157895	1.0427078
2016-2-1281	3	5	5	5	1.0	1.0	1.0	0.8757437
2016-2-4205	4	5	2	3	0.4	0.6	0.8693878	0.7711852
2016-2-4268	3	6	6	6	1.0	1.0	1.0	0.8824209
2016-2-5239	4	6	1	3	0.1666667	0.5	0.6637427	0.4956958
2016-2-5272	3	5	2	2	0.4	0.4	0.76	0.9621753
2016-3-1247	3	4	2	2	0.5	0.5	0.75	0.6894263
2016-3-1276	3	5	2	3	0.4	0.6	0.52	1.0
2016-3-1281	3	5	5	5	1.0	1.0	1.0	1.0728661
2016-3-4205	4	5	0	5	0.0	1.0	0.6680851	0.90894
2016-3-4268	3	6	3	6	0.5	1.0	0.75	1.100303
2016-3-5239	4	6	4	4	0.6666667	0.6666667	0.8954802	0.8966605
2016-3-5272	3	6	6	6	1.0	1.0	1.0	0.929516
2016-4-1247	3	6	4	4	0.6666667	0.6666667	0.8478261	0.7554248
2016-4-1276	3	6	3	5	0.5	0.8333333	0.5833333	0.8278486
2016-4-1281	3	6	2	2	0.3333333	0.3333333	0.0942029	0.9465728
2016-4-4205	4	7	3	5	0.4285714	0.7142857	0.5113872	0.9896747
2016-4-4268	3	6	4	5	0.6666667	0.8333333	0.9166667	0.9237604
2016-4-5239	4	5	1	2	0.2	0.4	0.7142857	1.1524431
2016-4-5272	3	7	4	7	0.5714286	1.0	0.755102	0.6838074
2016-final	3	16	3	6	0.1875	0.375	0.1179688	0.700476
2017-1-307	3	5	2	2	0.4	0.4	0.7894737	0.7473913
2017-1-309	3	6	4	4	0.6666667	0.6666667	0.8478261	1.1604597
2017-1-313	4	6	3	6	0.5	1.0	0.9425287	1.0526158
2017-1-315	4	6	5	6	0.8333333	1.0	0.9444444	0.6752777
2017-1-316	3	5	4	4	0.8	0.8	0.9578947	0.8100926
2017-1-318	3	6	3	6	0.5	1.0	0.8484848	0.6511528
2017-1-322	3	6	4	4	0.6666667	0.6666667	0.9393939	0.6811755
2017-1-324	3	6	4	6	0.6666667	1.0	0.8478261	0.5033223
2017-2-307	3	6	5	5	0.8333333	0.8333333	0.9637681	0.7899367
2017-2-309	3	6	5	6	0.8333333	1.0	0.9637681	0.7968689
2017-2-313	4	5	3	4	0.6	0.8	0.9102041	0.8866413
2017-2-315	4	5	2	5	0.4	1.0	0.648	1.3996372
2017-2-316	3	5	3	4	0.6	0.8	0.9	0.9185587
2017-2-318	3	6	4	6	0.6666667	1.0	0.7777778	0.7266361
2017-2-322	3	6	5	6	0.8333333	1.0	0.9637681	1.1661904
2017-2-324	3	5	5	5	1.0	1.0	1.0	0.6383981
2017-3-307	3	5	3	5	0.6	1.0	0.76	1.1393757
2017-3-309	3	6	6	6	1.0	1.0	1.0	0.8294577
2017-3-313	4	5	2	2	0.4	0.4	0.904	1.125
2017-3-315	4	6	6	6	1.0	1.0	1.0	1.0079683
2017-3-316	3	6	5	6	0.8333333	1.0	0.9637681	0.8854377
2017-3-318	3	5	3	5	0.6	1.0	0.8315789	1.579491
2017-3-322	3	5	5	5	1.0	1.0	1.0	0.8204737
2017-3-324	3	6	4	4	0.6666667	0.6666667	0.7777778	0.6345602
2017-4-307	3	5	2	2	0.4	0.4	0.4111111	0.7153452
2017-4-309	3	4	4	4	1.0	1.0	1.0	1.1626916
2017-4-313	4	5	1	2	0.2	0.4	0.8416667	0.9951052
2017-4-315	4	5	0	3	0.0	0.6	0.648	0.9926488
2017-4-316	3	5	3	3	0.6	0.6	0.76	0.8236416
2017-4-318	3	5	0	3	0.0	0.6	0.3263158	1.3453237
2017-4-322	3	6	5	5	0.8333333	0.8333333	0.8611111	0.7174027
2017-4-324	3	5	2	2	0.4	0.4	0.76	0.9614984
2017-final	3	12	7	10	0.5833333	0.8333333	0.6755319	0.9441584
2018-1-307a	3	6	4	4	0.6666667	0.6666667	0.7777778	0.626099
2018-1-313	3	6	5	6	0.8333333	1.0	0.9637681	0.8033264
2018-1-315	4	5	3	5	0.6	1.0	0.792	0.8781456
2018-1-316	3	5	4	4	0.8	0.8	0.84	0.7913925
2018-1-318	3	6	4	6	0.6666667	1.0	0.8478261	0.6966587
2018-1-324	3	5	1	3	0.2	0.6	0.3111111	0.8516222
2018-1-412	4	6	3	6	0.5	1.0	0.8333333	0.6276942
2018-2-307a	3	5	4	4	0.8	0.8	0.84	1.140518
2018-2-313	3	5	3	4	0.6	0.8	0.64	0.7456471
2018-2-315	4	5	3	4	0.6	0.8	0.6375	1.2577882
2018-2-316	3	5	3	3	0.6	0.6	0.8315789	0.8485588
2018-2-318	3	5	5	5	1.0	1.0	1.0	0.9326262
2018-2-324	3	5	3	3	0.6	0.6	0.76	0.7006321
2018-2-412	4	5	1	2	0.2	0.4	0.712	1.0693712
2018-3-307a	3	6	5	5	0.8333333	0.8333333	0.8611111	0.993311
2018-3-313	3	5	4	4	0.8	0.8	0.84	0.7028445
2018-3-315	4	5	2	3	0.4	0.6	0.7375	0.9406198
2018-3-316	3	5	3	3	0.6	0.6	0.76	0.4908008
2018-3-318	3	6	1	4	0.1666667	0.6666667	0.2826087	0.7694154
2018-3-324	3	6	5	5	0.8333333	0.8333333	0.9637681	0.870249
2018-3-412	4	5	1	4	0.2	0.8	0.7632653	1.0861342
2018-4-307a	3	5	1	2	0.2	0.4	0.2333333	0.7971303
2018-4-313	3	5	2	4	0.4	0.8	0.52	0.6291529
2018-4-315	4	6	2	4	0.3333333	0.6666667	0.7241379	1.0119289
2018-4-316	3	5	2	2	0.4	0.4	0.76	1.2156745
2018-4-318	3	6	2	3	0.3333333	0.5	0.0507246	0.8717798
2018-4-324	3	6	4	4	0.6666667	0.6666667	0.7777778	1.0583005
2018-4-412	3	6	2	4	0.3333333	0.6666667	0.3115942	0.8066391
2018-final	3	12	8	11	0.6666667	0.9166667	0.6458333	0.788726
2019-1-307a	3	4	3	3	0.75	0.75	0.8125	0.8854099
2019-1-313	4	5	1	5	0.2	1.0	0.722449	0.8149003
2019-1-315	3	4	4	4	1.0	1.0	1.0	0.6938887
2019-1-316	3	4	4	4	1.0	1.0	1.0	0.6938887
2019-1-318	3	4	2	4	0.5	1.0	0.8166667	0.7657805
2019-1-322	3	5	3	5	0.6	1.0	0.76	0.8999421
2019-1-324	3	4	4	4	1.0	1.0	1.0	0.942809
2019-2-307	3	4	3	3	0.75	0.75	0.8125	0.6285393
2019-2-315	3	4	3	3	0.75	0.75	0.8125	0.9329364
2019-2-316	3	4	3	4	0.75	1.0	0.8125	1.0686324
2019-2-318	3	4	0	3	0.0	0.75	0.4375	0.3333334
2019-2-324	3	4	4	4	1.0	1.0	1.0	0.5504819
2019-2-416	4	5	2	3	0.4	0.6	0.8693878	0.8196798
2019-2-417	3	4	4	4	1.0	1.0	1.0	0.7576768
2019-3-307	3	4	3	4	0.75	1.0	0.8125	0.8713548
2019-3-315	3	5	2	4	0.4	0.8	0.52	0.8977692
2019-3-316	3	5	2	4	0.4	0.8	0.4777778	1.0819302
2019-3-318	3	4	2	2	0.5	0.5	0.8166667	0.9493337
2019-3-324	3	5	4	4	0.8	0.8	0.84	1.0058423
2019-3-416	4	5	3	5	0.6	1.0	0.975	0.4645647
2019-3-417	3	5	2	4	0.4	0.8	0.7111111	1.0167862
2019-4-307	3	5	1	1	0.2	0.2	0.5444444	0.6505206
2019-4-315	3	5	4	4	0.8	0.8	0.84	0.7756046
2019-4-316	3	5	3	3	0.6	0.6	0.76	0.6808389
2019-4-318	3	5	5	5	1.0	1.0	1.0	0.7180703
2019-4-324	3	5	5	5	1.0	1.0	1.0	0.9695897
2019-4-416	4	5	3	5	0.6	1.0	0.9346939	0.9388471
2019-4-417	3	5	2	2	0.4	0.4	0.3111111	0.9960861
2019-final	3	13	6	12	0.4615385	0.9230769	0.7104072	0.8683055
2020-1-307a	3	5	0	2	0.0	0.4	0.2	0.8267973
2020-1-313	4	5	2	3	0.4	0.6	0.9166667	1.1887329
2020-1-315	3	5	3	5	0.6	1.0	0.8315789	0.6623458
2020-1-316	3	5	5	5	1.0	1.0	1.0	0.509033
2020-1-318	3	5	2	2	0.4	0.4	0.76	0.8697761
2020-1-324	3	6	5	5	0.8333333	0.8333333	0.8611111	0.7797435
2020-1-412	3	5	5	5	1.0	1.0	1.0	1.2935135
2020-1-416	3	4	4	4	1.0	1.0	1.0	0.8089011
2020-2-307a	3	5	2	2	0.4	0.4	0.76	0.8764868
2020-2-313	4	5	1	1	0.2	0.2	0.6734694	0.8003905
2020-2-315	3	5	5	5	1.0	1.0	1.0	0.8204737
2020-2-316	3	6	3	6	0.5	1.0	0.75	0.6
2020-2-318	3	5	5	5	1.0	1.0	1.0	1.008428
2020-2-324	3	5	2	4	0.4	0.8	0.52	1.0389548
2020-2-412	3	5	3	3	0.6	0.6	0.76	1.1145347
2020-2-416	3	6	6	6	1.0	1.0	1.0	0.8959167
2020-3-307a	3	5	5	5	1.0	1.0	1.0	0.7524
2020-3-313	4	5	1	3	0.2	0.6	0.4040816	0.9792775
2020-3-315	3	5	4	4	0.8	0.8	0.84	0.8508574
2020-3-316	3	5	3	3	0.6	0.6	0.8315789	1.1133658
2020-3-318	3	5	0	2	0.0	0.4	0.2111111	0.5115845
2020-3-324	3	5	5	5	1.0	1.0	1.0	0.7971303
2020-3-412	3	5	2	5	0.4	1.0	0.7894737	1.1336473
2020-3-416	3	5	2	5	0.4	1.0	0.7894737	0.6229132
2020-4-307a	3	5	3	5	0.6	1.0	0.8315789	0.7697064
2020-4-313	3	5	2	2	0.4	0.4	0.8444444	0.4546766
2020-4-315	3	6	4	5	0.6666667	0.8333333	0.9166667	0.6324555
2020-4-316	3	6	6	6	1.0	1.0	1.0	1.0263203
2020-4-318	3	6	6	6	1.0	1.0	1.0	1.0
2020-4-324	3	5	5	5	1.0	1.0	1.0	0.6505206
2020-4-412	3	5	2	2	0.4	0.4	0.2842105	0.9895285
2020-4-416	3	5	3	5	0.6	1.0	0.8315789	0.8125
2020-final	3	14	7	11	0.5	0.7857143	0.6012987	0.7500569
2021-1-A	3	4	4	4	1.0	1.0	1.0	0.4714045
2021-1-B	4	4	2	4	0.5	1.0	0.7911184	0.6338055
2021-1-C	3	4	2	2	0.5	0.5	0.6166667	0.6804138
2021-1-D	3	5	4	5	0.8	1.0	0.84	0.8787124
2021-1-E	3	5	3	3	0.6	0.6	0.9333333	1.5121039
2021-1-F	3	5	4	4	0.8	0.8	0.84	1.1347953
2021-1-G	3	4	4	4	1.0	1.0	1.0	1.0599325
2021-1-H	3	5	3	3	0.6	0.6	0.76	0.625
2021-2-A	3	4	0	4	0.0	1.0	0.75	0.9395297
2021-2-B	4	5	3	3	0.6	0.6	0.7387755	0.5493249
2021-2-C	3	5	4	5	0.8	1.0	0.9578947	1.0551214
2021-2-D	3	5	5	5	1.0	1.0	1.0	1.0439558
2021-2-E	3	4	3	3	0.75	0.75	0.8125	0.593171
2021-2-F	3	5	4	5	0.8	1.0	0.84	0.7403898
2021-2-G	3	5	3	3	0.6	0.6	0.7	1.0282469
2021-2-H	3	4	3	4	0.75	1.0	0.95	0.8425417
2021-3-A	3	4	3	4	0.75	1.0	0.95	0.8748898
2021-3-B	3	6	1	1	0.1666667	0.1666667	0.1521739	0.8374565
2021-3-C	3	4	3	4	0.75	1.0	0.8125	0.7243558
2021-3-D	3	5	3	3	0.6	0.6	0.2	0.8592329
2021-3-E	3	4	3	4	0.75	1.0	0.8125	1.0999439
2021-3-F	3	5	1	2	0.2	0.4	0.4111111	1.1670386
2021-3-G	3	4	3	3	0.75	0.75	0.8125	1.051454
2021-3-H	3	4	2	3	0.5	0.75	0.5625	1.2297746
2021-4-A	3	4	0	0	0.0	0.0	0.0166667	0.7328281
2021-4-B	3	4	4	4	1.0	1.0	1.0	0.8089011
2021-4-C	3	4	4	4	1.0	1.0	1.0	0.9162457
2021-4-D	3	5	3	3	0.6	0.6	0.76	0.8516222
2021-4-E	3	5	1	5	0.2	1.0	0.7894737	0.625
2021-4-F	3	4	2	4	0.5	1.0	0.8166667	0.7737994
2021-4-G	3	5	4	4	0.8	0.8	0.84	0.802827
2021-4-H	3	5	3	3	0.6	0.6	0.76	0.6663411
2021-final	3	11	3	6	0.2727273	0.5454545	0.2931818	1.0933892
2022-1-318	4	6	2	5	0.3333333	0.8333333	0.7881356	2.0420578
2022-1-417	4	6	0	4	0.0	0.6666667	0.4943503	0.8532292
2022-1-BFA	3	6	4	4	0.6666667	0.6666667	0.5869565	0.8033264
2022-1-324	3	6	3	3	0.5	0.5	0.75	1.0224154
2022-1-412	3	5	3	5	0.6	1.0	0.8315789	0.9915003
2022-1-316	3	5	2	4	0.4	0.8	0.6	0.9694864
2022-1-315	3	6	3	6	0.5	1.0	0.7898551	1.1075499
2022-2-318	4	5	1	4	0.2	0.8	0.552	1.2215513
2022-2-417	4	4	3	4	0.75	1.0	0.925	1.0115079
2022-2-313	3	5	2	4	0.4	0.8	0.52	0.7946763
2022-2-324	3	6	6	6	1.0	1.0	1.0	1.0893423
2022-2-307a	3	6	3	5	0.5	0.8333333	0.5833333	1.2274635
2022-2-316	3	4	3	4	0.75	1.0	0.8125	1.2272623
2022-2-315	3	4	3	3	0.75	0.75	0.8125	0.7071068
2022-3-313	4	4	1	4	0.25	1.0	0.7697368	1.0318987
2022-3-417	4	4	1	3	0.25	0.75	0.7297297	0.9920318
2022-3-318	3	5	3	5	0.6	1.0	0.76	0.9028312
2022-3-324	3	5	1	2	0.2	0.4	0.1444444	0.9662266
2022-3-307a	3	5	3	5	0.6	1.0	0.76	0.7430231
2022-3-316	3	5	5	5	1.0	1.0	1.0	0.9444189
2022-3-315	3	5	1	2	0.2	0.4	0.12	1.4644218
2022-4-318	4	7	2	4	0.2857143	0.5714286	0.2226891	1.1908457
2022-4-416	4	6	2	4	0.3333333	0.6666667	0.6864407	1.1567195
2022-4-313	3	5	3	5	0.6	1.0	0.8315789	0.8516222
2022-4-324	3	6	4	4	0.6666667	0.6666667	0.7777778	0.9784341
2022-4-307a	3	7	7	7	1.0	1.0	1.0	1.0679101
2022-4-316	3	7	6	7	0.8571429	1.0	0.877551	1.0236403
2022-4-315	3	6	2	3	0.3333333	0.5	0.3636364	0.9757049
2022-final	3	15	2	8	0.1333333	0.5333333	0.1183908	0.780829
